0 0.81875 0.26328125 0.127734375 0.2484375
0 0.7515625 0.06328125 0.11328125 0.11328125
0 0.65546875 0.0546875 0.097265625 0.09765625
0 0.90703125 0.56953125 0.122265625 0.122265625
0 0.346875 0.60703125 0.103125 0.101953125
0 0.2875 0.59609375 0.097265625 0.09765625
0 0.3109375 0.353125 0.052734375 0.125
0 0.2421875 0.08359375 0.103125 0.103125
0 0.17421875 0.60703125 0.038671875 0.123046875
0 0.14609375 0.62578125 0.083203125 0.082421875
0 0.125 0.58359375 0.0375 0.096875
0 0.09765625 0.590625 0.0359375 0.093359375
0 0.2609375 0.315625 0.0671875 0.0671875
0 0.64921875 0.71328125 0.06171875 0.06171875
0 0.62421875 0.75078125 0.048046875 0.08125
0 0.54375 0.71640625 0.037890625 0.037890625
0 0.21171875 0.02578125 0.046484375 0.046875