0 0.81875 0.73671875 0.187890625 0.18828125
0 0.7515625 0.93671875 0.109375 0.1171875
0 0.65546875 0.9453125 0.097265625 0.09765625
0 0.90703125 0.43046875 0.086328125 0.158203125
0 0.346875 0.39296875 0.103125 0.101953125
0 0.2875 0.40390625 0.097265625 0.09765625
0 0.3109375 0.646875 0.088671875 0.0890625
0 0.2421875 0.91640625 0.103125 0.103125
0 0.17421875 0.39296875 0.080859375 0.080859375
0 0.14609375 0.37421875 0.083203125 0.082421875
0 0.125 0.41640625 0.0375 0.096875
0 0.09765625 0.409375 0.06484375 0.064453125
0 0.2609375 0.684375 0.046875 0.0875
0 0.64921875 0.28671875 0.034375 0.0890625
0 0.62421875 0.24921875 0.064453125 0.06484375
0 0.54375 0.28359375 0.037890625 0.037890625
0 0.21171875 0.97421875 0.046484375 0.046875