0 0.18125 0.73671875 0.187890625 0.18828125
0 0.2484375 0.93671875 0.11328125 0.11328125
0 0.34453125 0.9453125 0.097265625 0.09765625
0 0.09296875 0.43046875 0.122265625 0.122265625
0 0.653125 0.39296875 0.06953125 0.135546875
0 0.7125 0.40390625 0.097265625 0.09765625
0 0.6890625 0.646875 0.052734375 0.125
0 0.7578125 0.91640625 0.103125 0.103125
0 0.82578125 0.39296875 0.080859375 0.080859375
0 0.85390625 0.37421875 0.045703125 0.119921875
0 0.875 0.41640625 0.0671875 0.0671875
0 0.90234375 0.409375 0.06484375 0.064453125
0 0.7390625 0.684375 0.046875 0.0875
0 0.35078125 0.28671875 0.06171875 0.06171875
0 0.37578125 0.24921875 0.064453125 0.06484375
0 0.45625 0.28359375 0.037890625 0.037890625
0 0.78828125 0.97421875 0.046484375 0.046875