0 0.32109375 0.78359375 0.09921875 0.098828125
0 0.32890625 0.515625 0.06640625 0.066796875
0 0.36484375 0.48671875 0.03125 0.066796875
0 0.23046875 0.2703125 0.061328125 0.06171875
0 0.2625 0.23984375 0.037890625 0.064453125
0 0.3109375 0.22578125 0.05234375 0.052734375
0 0.31484375 0.17578125 0.0359375 0.0359375
0 0.259375 0.18359375 0.0375 0.061328125
0 0.2921875 0.19375 0.051171875 0.05078125
0 0.52109375 0.45859375 0.0953125 0.095703125
0 0.546875 0.3625 0.103515625 0.103515625
0 0.6078125 0.3515625 0.1 0.100390625
0 0.5546875 0.61171875 0.0375 0.0921875
0 0.525 0.61875 0.068359375 0.06953125
0 0.48359375 0.59296875 0.0578125 0.058203125
0 0.4734375 0.64921875 0.071484375 0.071484375
0 0.46484375 0.7609375 0.0703125 0.11640625
0 0.43671875 0.66953125 0.084765625 0.08515625
0 0.325 0.9125 0.055078125 0.055078125
0 0.3703125 0.9265625 0.049609375 0.049609375
0 0.3828125 0.93984375 0.066015625 0.065625
0 0.41484375 0.96640625 0.049609375 0.05
0 0.446875 0.95078125 0.034375 0.048828125
0 0.48515625 0.97109375 0.055078125 0.0546875