0 0.32109375 0.78359375 0.071875 0.126171875
0 0.32890625 0.515625 0.06640625 0.066796875
0 0.36484375 0.48671875 0.04921875 0.048828125
0 0.23046875 0.2703125 0.061328125 0.06171875
0 0.2625 0.23984375 0.051171875 0.051171875
0 0.3109375 0.22578125 0.03125 0.073828125
0 0.31484375 0.17578125 0.0359375 0.0359375
0 0.259375 0.18359375 0.04921875 0.049609375
0 0.2921875 0.19375 0.027734375 0.07421875
0 0.52109375 0.45859375 0.0953125 0.095703125
0 0.546875 0.3625 0.103515625 0.103515625
0 0.6078125 0.3515625 0.1 0.100390625
0 0.5546875 0.61171875 0.0375 0.0921875
0 0.525 0.61875 0.043359375 0.09453125
0 0.48359375 0.59296875 0.0578125 0.058203125
0 0.4734375 0.64921875 0.053515625 0.089453125
0 0.46484375 0.7609375 0.0703125 0.11640625
0 0.43671875 0.66953125 0.066796875 0.103125
0 0.325 0.9125 0.055078125 0.055078125
0 0.3703125 0.9265625 0.049609375 0.049609375
0 0.3828125 0.93984375 0.044140625 0.0875
0 0.41484375 0.96640625 0.049609375 0.05
0 0.446875 0.95078125 0.04140625 0.041796875
0 0.48515625 0.97109375 0.055078125 0.0546875