0 0.22734375 0.25703125 0.052734375 0.052734375
0 0.265625 0.23046875 0.0578125 0.058984375
0 0.3125 0.21640625 0.05234375 0.051953125
0 0.315625 0.1734375 0.03125 0.06484375
0 0.290625 0.184375 0.052734375 0.05234375
0 0.25859375 0.17734375 0.058984375 0.059375
0 0.33046875 0.4953125 0.073046875 0.071875
0 0.36328125 0.4765625 0.055078125 0.05625
0 0.321875 0.765625 0.102734375 0.103125
0 0.32890625 0.90859375 0.051953125 0.0515625
0 0.3703125 0.91796875 0.040625 0.058203125
0 0.3890625 0.93828125 0.05625 0.056640625
0 0.42109375 0.95078125 0.04765625 0.04765625
0 0.45234375 0.94609375 0.03125 0.055078125
0 0.48828125 0.9625 0.050390625 0.05078125
0 0.2921875 0.8703125 0.027734375 0.04765625
0 0.521875 0.44296875 0.098828125 0.098828125
0 0.55390625 0.3453125 0.0578125 0.12890625
0 0.60859375 0.32734375 0.061328125 0.1359375
0 0.56171875 0.59609375 0.032421875 0.1046875
0 0.521875 0.61015625 0.07265625 0.07265625
0 0.48515625 0.58125 0.06484375 0.06484375
0 0.48203125 0.6359375 0.068359375 0.068359375
0 0.4421875 0.6625 0.06875 0.091015625
0 0.46796875 0.7515625 0.060546875 0.10390625
0 0.57265625 0.86640625 0.058203125 0.058203125
0 0.59296875 0.8140625 0.046875 0.081640625
0 0.2953125 0.94765625 0.05390625 0.085546875