0 0.77265625 0.74296875 0.035546875 0.069921875
0 0.734375 0.76953125 0.0578125 0.058984375
0 0.6875 0.78359375 0.034375 0.069921875
0 0.684375 0.8265625 0.0484375 0.04765625
0 0.709375 0.815625 0.052734375 0.05234375
0 0.74140625 0.82265625 0.058984375 0.059375
0 0.66953125 0.5046875 0.055078125 0.08984375
0 0.63671875 0.5234375 0.055078125 0.05625
0 0.678125 0.234375 0.102734375 0.103125
0 0.67109375 0.09140625 0.051953125 0.0515625
0 0.6296875 0.08203125 0.04921875 0.049609375
0 0.6109375 0.06171875 0.05625 0.056640625
0 0.57890625 0.04921875 0.034375 0.0609375
0 0.54765625 0.05390625 0.03125 0.055078125
0 0.51171875 0.0375 0.041796875 0.059375
0 0.7078125 0.1296875 0.037109375 0.03828125
0 0.478125 0.55703125 0.098828125 0.098828125
0 0.44609375 0.6546875 0.0578125 0.12890625
0 0.39140625 0.67265625 0.061328125 0.1359375
0 0.43828125 0.40390625 0.068359375 0.06875
0 0.478125 0.38984375 0.053125 0.0921875
0 0.51484375 0.41875 0.06484375 0.06484375
0 0.51796875 0.3640625 0.068359375 0.068359375
0 0.5578125 0.3375 0.0796875 0.080078125
0 0.53203125 0.2484375 0.060546875 0.10390625
0 0.42734375 0.13359375 0.045703125 0.070703125
0 0.40703125 0.1859375 0.0640625 0.064453125
0 0.7046875 0.05234375 0.05390625 0.085546875