0 0.67890625 0.21640625 0.071875 0.126171875
0 0.67109375 0.484375 0.06640625 0.066796875
0 0.63515625 0.51328125 0.04921875 0.048828125
0 0.76953125 0.7296875 0.038671875 0.084375
0 0.7375 0.76015625 0.037890625 0.064453125
0 0.6890625 0.77421875 0.05234375 0.052734375
0 0.68515625 0.82421875 0.0359375 0.0359375
0 0.740625 0.81640625 0.04921875 0.049609375
0 0.7078125 0.80625 0.051171875 0.05078125
0 0.47890625 0.54140625 0.0640625 0.126953125
0 0.453125 0.6375 0.103515625 0.103515625
0 0.3921875 0.6484375 0.065625 0.134765625
0 0.4453125 0.38828125 0.06484375 0.06484375
0 0.475 0.38125 0.068359375 0.06953125
0 0.51640625 0.40703125 0.0390625 0.076953125
0 0.5265625 0.35078125 0.071484375 0.071484375
0 0.53515625 0.2390625 0.09296875 0.09375
0 0.56328125 0.33046875 0.066796875 0.103125
0 0.675 0.0875 0.055078125 0.055078125
0 0.6296875 0.0734375 0.040234375 0.058984375
0 0.6171875 0.06015625 0.066015625 0.065625
0 0.58515625 0.03359375 0.038671875 0.0609375
0 0.553125 0.04921875 0.04140625 0.041796875
0 0.51484375 0.02890625 0.055078125 0.0546875