0 0.22734375 0.74296875 0.052734375 0.052734375
0 0.265625 0.76953125 0.0578125 0.058984375
0 0.3125 0.78359375 0.05234375 0.051953125
0 0.315625 0.8265625 0.0484375 0.04765625
0 0.290625 0.815625 0.030859375 0.07421875
0 0.25859375 0.82265625 0.058984375 0.059375
0 0.33046875 0.5046875 0.073046875 0.071875
0 0.36328125 0.5234375 0.044921875 0.06640625
0 0.321875 0.234375 0.102734375 0.103125
0 0.32890625 0.09140625 0.051953125 0.0515625
0 0.3703125 0.08203125 0.040625 0.058203125
0 0.3890625 0.06171875 0.05625 0.056640625
0 0.42109375 0.04921875 0.04765625 0.04765625
0 0.45234375 0.05390625 0.03125 0.055078125
0 0.48828125 0.0375 0.041796875 0.059375
0 0.2921875 0.1296875 0.037109375 0.03828125
0 0.521875 0.55703125 0.098828125 0.098828125
0 0.55390625 0.6546875 0.09296875 0.09375
0 0.60859375 0.67265625 0.098828125 0.0984375
0 0.56171875 0.40390625 0.032421875 0.1046875
0 0.521875 0.38984375 0.07265625 0.07265625
0 0.48515625 0.41875 0.0453125 0.084375
0 0.48203125 0.3640625 0.068359375 0.068359375
0 0.4421875 0.3375 0.0796875 0.080078125
0 0.46796875 0.2484375 0.081640625 0.0828125
0 0.57265625 0.13359375 0.058203125 0.058203125
0 0.59296875 0.1859375 0.0640625 0.064453125
0 0.2953125 0.05234375 0.0703125 0.069140625