0 0.30859375 0.35859375 0.064453125 0.105078125
0 0.7546875 0.07890625 0.12421875 0.12421875
0 0.80078125 0.13046875 0.100390625 0.1
0 0.35546875 0.40546875 0.0609375 0.1015625
0 0.3171875 0.4296875 0.059765625 0.058984375
0 0.41484375 0.4640625 0.0640625 0.119140625
0 0.475 0.53671875 0.095703125 0.095703125
0 0.56640625 0.58515625 0.09375 0.094140625
0 0.55390625 0.66796875 0.06640625 0.06640625
0 0.50703125 0.6296875 0.094140625 0.094140625
0 0.41015625 0.696875 0.053515625 0.054296875
0 0.28125 0.63046875 0.076953125 0.076953125
0 0.26015625 0.553125 0.05859375 0.058984375
0 0.3203125 0.5171875 0.043359375 0.083984375
0 0.36015625 0.53828125 0.103125 0.103125
0 0.4109375 0.57734375 0.090234375 0.090234375
0 0.44609375 0.6390625 0.093359375 0.09375