0 0.30859375 0.64140625 0.084765625 0.084765625
0 0.7546875 0.92109375 0.096875 0.1515625
0 0.80078125 0.86953125 0.100390625 0.1
0 0.35546875 0.59453125 0.08125 0.08125
0 0.3171875 0.5703125 0.059765625 0.058984375
0 0.41484375 0.5359375 0.09140625 0.091796875
0 0.475 0.46328125 0.068359375 0.123046875
0 0.56640625 0.41484375 0.09375 0.094140625
0 0.55390625 0.33203125 0.0578125 0.075
0 0.50703125 0.3703125 0.057421875 0.130859375
0 0.41015625 0.303125 0.038671875 0.069140625
0 0.28125 0.36953125 0.076953125 0.076953125
0 0.26015625 0.446875 0.0546875 0.062890625
0 0.3203125 0.4828125 0.063671875 0.063671875
0 0.36015625 0.46171875 0.103125 0.103125
0 0.4109375 0.42265625 0.090234375 0.090234375
0 0.44609375 0.3609375 0.093359375 0.09375