0 0.69140625 0.35859375 0.084765625 0.084765625
0 0.2453125 0.07890625 0.12421875 0.12421875
0 0.19921875 0.13046875 0.080078125 0.1203125
0 0.64453125 0.40546875 0.08125 0.08125
0 0.6828125 0.4296875 0.059765625 0.058984375
0 0.58515625 0.4640625 0.0640625 0.119140625
0 0.525 0.53671875 0.095703125 0.095703125
0 0.43359375 0.58515625 0.09375 0.094140625
0 0.44609375 0.66796875 0.0578125 0.075
0 0.49296875 0.6296875 0.057421875 0.130859375
0 0.58984375 0.696875 0.053515625 0.054296875
0 0.71875 0.63046875 0.068359375 0.085546875
0 0.73984375 0.553125 0.0546875 0.062890625
0 0.6796875 0.5171875 0.043359375 0.083984375
0 0.63984375 0.53828125 0.103125 0.103125
0 0.5890625 0.57734375 0.090234375 0.090234375
0 0.55390625 0.6390625 0.093359375 0.09375