0 0.3078125 0.38125 0.07890625 0.077734375
0 0.3515625 0.41953125 0.055859375 0.101953125
0 0.31875 0.4328125 0.06953125 0.068359375
0 0.41015625 0.48203125 0.1015625 0.1015625
0 0.46640625 0.55078125 0.108203125 0.108203125
0 0.56015625 0.59921875 0.09765625 0.09765625
0 0.74921875 0.09609375 0.1375 0.1375
0 0.79765625 0.1609375 0.0765625 0.118359375
0 0.54921875 0.6796875 0.053125 0.084765625
0 0.503125 0.6578125 0.0890625 0.089453125
0 0.40234375 0.71640625 0.053515625 0.053125
0 0.44140625 0.659375 0.094921875 0.0953125
0 0.40546875 0.6 0.0671875 0.11796875
0 0.3546875 0.55390625 0.10625 0.10546875
0 0.27265625 0.6453125 0.051953125 0.077734375
0 0.26953125 0.5734375 0.076171875 0.07578125
0 0.315625 0.53359375 0.069140625 0.06953125