0 0.39375 0.5734375 0.05625 0.102734375
0 0.36953125 0.52421875 0.0515625 0.051953125
0 0.64375 0.49140625 0.053515625 0.053125
0 0.6171875 0.459375 0.045703125 0.04453125
0 0.64140625 0.4546875 0.04375 0.043359375
0 0.59453125 0.415625 0.051171875 0.051171875
0 0.63046875 0.3765625 0.040625 0.084375
0 0.67265625 0.38359375 0.047265625 0.04765625
0 0.6734375 0.3453125 0.030859375 0.053125
0 0.56484375 0.365625 0.044921875 0.075
0 0.5140625 0.328125 0.054296875 0.055078125
0 0.5234375 0.28671875 0.034375 0.061328125
0 0.5484375 0.3125 0.03984375 0.078515625
0 0.58046875 0.3140625 0.041796875 0.06484375
0 0.559375 0.059375 0.050390625 0.05078125
0 0.6015625 0.2921875 0.0546875 0.0546875