0 0.5578125 0.43515625 0.076953125 0.0765625
0 0.58203125 0.475 0.048828125 0.048828125
0 0.32734375 0.525 0.041796875 0.04140625
0 0.30859375 0.49921875 0.056640625 0.056640625
0 0.31640625 0.5921875 0.06171875 0.062109375
0 0.35625 0.5671875 0.03203125 0.06015625
0 0.34296875 0.63359375 0.0359375 0.070703125
0 0.428125 0.659375 0.051953125 0.05078125
0 0.37734375 0.62109375 0.0359375 0.0671875
0 0.36171875 0.66875 0.05 0.04921875
0 0.390625 0.67265625 0.051171875 0.05078125
0 0.41484375 0.696875 0.044140625 0.04453125
0 0.3703125 0.92421875 0.030859375 0.071875