0 0.5578125 0.56484375 0.076953125 0.0765625
0 0.58203125 0.525 0.032421875 0.065234375
0 0.32734375 0.475 0.030078125 0.053125
0 0.30859375 0.50078125 0.056640625 0.056640625
0 0.31640625 0.4078125 0.06171875 0.062109375
0 0.35625 0.4328125 0.03203125 0.06015625
0 0.34296875 0.36640625 0.0359375 0.070703125
0 0.428125 0.340625 0.041015625 0.06171875
0 0.37734375 0.37890625 0.0359375 0.0671875
0 0.36171875 0.33125 0.05 0.04921875
0 0.390625 0.32734375 0.037890625 0.0640625
0 0.41484375 0.303125 0.044140625 0.04453125
0 0.3703125 0.07578125 0.051171875 0.0515625