0 0.3078125 0.61875 0.07890625 0.077734375
0 0.3515625 0.58046875 0.078515625 0.079296875
0 0.31875 0.5671875 0.05078125 0.087109375
0 0.41015625 0.51796875 0.1015625 0.1015625
0 0.46640625 0.44921875 0.070703125 0.145703125
0 0.56015625 0.40078125 0.09765625 0.09765625
0 0.74921875 0.90390625 0.1375 0.1375
0 0.79765625 0.8390625 0.0765625 0.118359375
0 0.54921875 0.3203125 0.053125 0.084765625
0 0.503125 0.3421875 0.065625 0.112890625
0 0.40234375 0.28359375 0.042578125 0.0640625
0 0.44140625 0.340625 0.094921875 0.0953125
0 0.40546875 0.4 0.09296875 0.0921875
0 0.3546875 0.44609375 0.10625 0.10546875
0 0.27265625 0.3546875 0.065234375 0.064453125
0 0.26953125 0.4265625 0.076171875 0.07578125
0 0.315625 0.46640625 0.069140625 0.06953125