0 0.703125 0.6390625 0.059375 0.10859375
0 0.69765625 0.56796875 0.061328125 0.0609375
0 0.653125 0.59140625 0.062109375 0.1203125
0 0.5921875 0.5296875 0.095703125 0.09609375
0 0.53515625 0.453125 0.073828125 0.143359375
0 0.4375 0.39921875 0.095703125 0.096484375
0 0.23984375 0.9125 0.1 0.17421875
0 0.184375 0.85703125 0.09609375 0.09609375
0 0.45 0.3203125 0.052734375 0.091015625
0 0.5015625 0.34453125 0.091015625 0.09140625
0 0.603125 0.296875 0.068359375 0.069140625
0 0.56484375 0.34140625 0.10703125 0.10703125
0 0.59921875 0.40078125 0.095703125 0.0953125
0 0.65390625 0.44453125 0.1203125 0.1203125
0 0.7375 0.35546875 0.0796875 0.0796875
0 0.69765625 0.478125 0.054296875 0.106640625
0 0.74140625 0.43125 0.078125 0.06171875