0 0.296875 0.6390625 0.084375 0.08359375
0 0.30234375 0.56796875 0.048828125 0.0734375
0 0.346875 0.59140625 0.091015625 0.09140625
0 0.4078125 0.5296875 0.095703125 0.09609375
0 0.46484375 0.453125 0.108984375 0.108203125
0 0.5625 0.39921875 0.095703125 0.096484375
0 0.76015625 0.9125 0.1375 0.13671875
0 0.815625 0.85703125 0.09609375 0.09609375
0 0.55 0.3203125 0.071484375 0.072265625
0 0.4984375 0.34453125 0.065234375 0.1171875
0 0.396875 0.296875 0.068359375 0.069140625
0 0.43515625 0.34140625 0.10703125 0.10703125
0 0.40078125 0.40078125 0.095703125 0.0953125
0 0.34609375 0.44453125 0.08125 0.159375
0 0.2625 0.35546875 0.059375 0.1
0 0.30234375 0.478125 0.080078125 0.080859375
0 0.25859375 0.43125 0.0703125 0.06953125