0 0.703125 0.3609375 0.084375 0.08359375
0 0.69765625 0.43203125 0.061328125 0.0609375
0 0.653125 0.40859375 0.062109375 0.1203125
0 0.5921875 0.4703125 0.095703125 0.09609375
0 0.53515625 0.546875 0.073828125 0.143359375
0 0.4375 0.60078125 0.095703125 0.096484375
0 0.23984375 0.0875 0.1375 0.13671875
0 0.184375 0.14296875 0.09609375 0.09609375
0 0.45 0.6796875 0.071484375 0.072265625
0 0.5015625 0.65546875 0.065234375 0.1171875
0 0.603125 0.703125 0.046484375 0.091015625
0 0.56484375 0.65859375 0.10703125 0.10703125
0 0.59921875 0.59921875 0.095703125 0.0953125
0 0.65390625 0.55546875 0.1203125 0.1203125
0 0.7375 0.64453125 0.0796875 0.0796875
0 0.69765625 0.521875 0.054296875 0.106640625
0 0.74140625 0.56875 0.078125 0.06171875