0 0.6890625 0.47109375 0.1125 0.1765625
0 0.72109375 0.165625 0.294921875 0.325
0 0.58828125 0.246875 0.1484375 0.14921875
0 0.51953125 0.3203125 0.115625 0.11484375
0 0.51640625 0.5375 0.10625 0.153515625
0 0.59140625 0.453125 0.111328125 0.184375
0 0.5171875 0.43046875 0.10859375 0.108203125
0 0.42734375 0.81171875 0.115625 0.116015625
0 0.46015625 0.76796875 0.070703125 0.120703125
0 0.53515625 0.71796875 0.045703125 0.084375
0 0.49296875 0.71953125 0.059765625 0.058984375
0 0.240625 0.69453125 0.096484375 0.096875
0 0.0671875 0.603125 0.134375 0.1625
0 0.08828125 0.2953125 0.17109375 0.171484375
0 0.1140625 0.18671875 0.1390625 0.138671875
0 0.14453125 0.10546875 0.11875 0.11875
0 0.17734375 0.03828125 0.0796875 0.0765625