0 0.0375 0.32890625 0.071484375 0.30625
0 0.15234375 0.3203125 0.2203125 0.45390625
0 0.37734375 0.59921875 0.283203125 0.4890625
0 0.3390625 0.3453125 0.221484375 0.459765625
0 0.5 0.76328125 0.10703125 0.182421875
0 0.56953125 0.8484375 0.08125 0.140625
0 0.38359375 0.94921875 0.1078125 0.1015625
0 0.48203125 0.94375 0.107421875 0.106640625
0 0.5640625 0.96015625 0.08125 0.0796875
0 0.915625 0.5875 0.0953125 0.0953125
0 0.94609375 0.6859375 0.078125 0.140625
0 0.953125 0.76328125 0.09375 0.1203125
0 0.97578125 0.88125 0.045703125 0.22421875
0 0.84609375 0.18046875 0.114453125 0.184375
0 0.75234375 0.115625 0.1109375 0.22578125