0 0.6890625 0.47109375 0.1125 0.1765625
0 0.72109375 0.165625 0.309765625 0.31015625
0 0.58828125 0.246875 0.1484375 0.14921875
0 0.51953125 0.3203125 0.078125 0.15234375
0 0.51640625 0.5375 0.10625 0.153515625
0 0.59140625 0.453125 0.148046875 0.14765625
0 0.5171875 0.43046875 0.10859375 0.108203125
0 0.42734375 0.81171875 0.0765625 0.155078125
0 0.46015625 0.76796875 0.095703125 0.095703125
0 0.53515625 0.71796875 0.065234375 0.06484375
0 0.49296875 0.71953125 0.059765625 0.058984375
0 0.240625 0.69453125 0.065234375 0.128125
0 0.0671875 0.603125 0.134375 0.1625
0 0.08828125 0.2953125 0.17109375 0.171484375
0 0.1140625 0.18671875 0.10390625 0.173828125
0 0.14453125 0.10546875 0.11875 0.11875
0 0.1765625 0.03515625 0.096484375 0.0640625