0 0.6890625 0.52890625 0.14453125 0.14453125
0 0.72109375 0.834375 0.294921875 0.325
0 0.58828125 0.753125 0.1484375 0.14921875
0 0.51953125 0.6796875 0.115625 0.11484375
0 0.51640625 0.4625 0.10625 0.153515625
0 0.59140625 0.546875 0.148046875 0.14765625
0 0.5171875 0.56953125 0.10859375 0.108203125
0 0.42734375 0.18828125 0.0765625 0.155078125
0 0.46015625 0.23203125 0.095703125 0.095703125
0 0.53515625 0.28203125 0.065234375 0.06484375
0 0.49296875 0.28046875 0.059765625 0.058984375
0 0.240625 0.30546875 0.096484375 0.096875
0 0.0671875 0.396875 0.134375 0.1625
0 0.08828125 0.7046875 0.17109375 0.171484375
0 0.1140625 0.81328125 0.10390625 0.173828125
0 0.14453125 0.89453125 0.09375 0.14375
0 0.17734375 0.96171875 0.0796875 0.0765625