0 0.065625 0.67109375 0.13125 0.1890625
0 0.16015625 0.6796875 0.3203125 0.3375
0 0.37734375 0.40078125 0.386328125 0.3859375
0 0.3390625 0.6546875 0.340234375 0.341015625
0 0.5 0.23671875 0.1453125 0.144140625
0 0.56953125 0.1515625 0.08125 0.140625
0 0.38359375 0.05078125 0.1078125 0.1015625
0 0.48203125 0.05625 0.107421875 0.106640625
0 0.56328125 0.03984375 0.0796875 0.0796875
0 0.915625 0.4125 0.0875 0.103125
0 0.9453125 0.3140625 0.109375 0.109375
0 0.953125 0.23671875 0.09375 0.1203125
0 0.97578125 0.11875 0.045703125 0.22421875
0 0.84609375 0.81953125 0.114453125 0.184375
0 0.75234375 0.884375 0.16796875 0.16875