0 0.0375 0.32890625 0.071484375 0.30625
0 0.16015625 0.3203125 0.3203125 0.3375
0 0.37734375 0.59921875 0.283203125 0.4890625
0 0.3390625 0.3453125 0.340234375 0.341015625
0 0.5 0.76328125 0.1453125 0.144140625
0 0.56953125 0.8484375 0.1109375 0.1109375
0 0.38359375 0.94921875 0.1078125 0.1015625
0 0.48203125 0.94375 0.107421875 0.106640625
0 0.5640625 0.96015625 0.08125 0.0796875
0 0.915625 0.5875 0.0953125 0.0953125
0 0.9453125 0.6859375 0.109375 0.109375
0 0.953125 0.76328125 0.09375 0.1203125
0 0.95390625 0.88125 0.0921875 0.134375
0 0.84609375 0.18046875 0.149609375 0.14921875
0 0.75234375 0.115625 0.16796875 0.16875