0 0.94453125 0.8890625 0.1109375 0.146875
0 0.89921875 0.9125 0.079296875 0.175
0 0.54609375 0.80703125 0.076171875 0.076953125
0 0.69453125 0.390625 0.09140625 0.0921875
0 0.66484375 0.43046875 0.063671875 0.0640625
0 0.678125 0.69296875 0.120703125 0.121484375
0 0.534375 0.49765625 0.03828125 0.079296875
0 0.55546875 0.46953125 0.0328125 0.1078125
0 0.64296875 0.446875 0.048828125 0.119140625
0 0.60703125 0.475 0.0421875 0.128125
0 0.884375 0.04140625 0.069140625 0.06875
0 0.940625 0.0421875 0.06796875 0.067578125
0 0.97421875 0.1375 0.048828125 0.10546875