0 0.0375 0.1109375 0.072265625 0.221875
0 0.10078125 0.0875 0.126953125 0.12734375
0 0.45390625 0.19296875 0.076171875 0.076953125
0 0.30546875 0.609375 0.09140625 0.0921875
0 0.33515625 0.56953125 0.063671875 0.0640625
0 0.321875 0.30703125 0.120703125 0.121484375
0 0.465625 0.50234375 0.059375 0.058203125
0 0.44453125 0.53046875 0.0328125 0.1078125
0 0.35703125 0.553125 0.083984375 0.083984375
0 0.39296875 0.525 0.0421875 0.128125
0 0.115625 0.95859375 0.069140625 0.06875
0 0.059375 0.9578125 0.05703125 0.078515625
0 0.03203125 0.86171875 0.0640625 0.0765625