0 0.06015625 0.12578125 0.1203125 0.1640625
0 0.10078125 0.10546875 0.0859375 0.209375
0 0.30625 0.63984375 0.0953125 0.094921875
0 0.03046875 0.89296875 0.0609375 0.0734375
0 0.0640625 0.97109375 0.04765625 0.04765625
0 0.34296875 0.3671875 0.061328125 0.062109375
0 0.3484375 0.28828125 0.066015625 0.066015625
0 0.3171875 0.3125 0.034375 0.084375
0 0.3328125 0.603125 0.078515625 0.077734375
0 0.3234375 0.57734375 0.037109375 0.109375
0 0.3546875 0.58046875 0.076171875 0.0765625
0 0.390625 0.56953125 0.07734375 0.078125
0 0.41953125 0.54296875 0.060546875 0.061328125
0 0.46328125 0.53671875 0.061328125 0.060546875
0 0.45703125 0.22890625 0.077734375 0.07734375