0 0.0375 0.1109375 0.072265625 0.221875
0 0.10078125 0.0875 0.126953125 0.12734375
0 0.45390625 0.19296875 0.048046875 0.105078125
0 0.30546875 0.609375 0.09140625 0.0921875
0 0.33515625 0.56953125 0.032421875 0.0953125
0 0.321875 0.30703125 0.068359375 0.173828125
0 0.465625 0.50234375 0.059375 0.058203125
0 0.44453125 0.53046875 0.0703125 0.0703125
0 0.35703125 0.553125 0.083984375 0.083984375
0 0.39296875 0.525 0.0421875 0.128125
0 0.115625 0.95859375 0.059765625 0.078125
0 0.059375 0.9578125 0.06796875 0.067578125
0 0.02578125 0.8625 0.048828125 0.10546875