0 0.93984375 0.12578125 0.1203125 0.1640625
0 0.89921875 0.10546875 0.14765625 0.14765625
0 0.69375 0.63984375 0.0953125 0.094921875
0 0.96953125 0.89296875 0.0609375 0.0734375
0 0.9359375 0.97109375 0.04765625 0.04765625
0 0.65703125 0.3671875 0.061328125 0.062109375
0 0.6515625 0.28828125 0.066015625 0.066015625
0 0.6828125 0.3125 0.059375 0.059375
0 0.6671875 0.603125 0.044140625 0.112109375
0 0.6765625 0.57734375 0.073046875 0.0734375
0 0.6453125 0.58046875 0.076171875 0.0765625
0 0.609375 0.56953125 0.07734375 0.078125
0 0.58046875 0.54296875 0.060546875 0.061328125
0 0.53671875 0.53671875 0.039453125 0.082421875
0 0.54296875 0.22890625 0.042578125 0.1125