0 0.19609375 0.37734375 0.09609375 0.09609375
0 0.38515625 0.18828125 0.089453125 0.088671875
0 0.35234375 0.79765625 0.054296875 0.107421875
0 0.38828125 0.75859375 0.085546875 0.085546875
0 0.2078125 0.4796875 0.0625 0.062109375
0 0.2390625 0.6609375 0.079296875 0.0796875
0 0.24296875 0.7484375 0.078125 0.07734375
0 0.21171875 0.696875 0.109375 0.11015625
0 0.3578125 0.4796875 0.066796875 0.066796875
0 0.32265625 0.47890625 0.062109375 0.0625
0 0.28359375 0.4625 0.08203125 0.08203125
0 0.22734375 0.43046875 0.08125 0.08125
0 0.25234375 0.43671875 0.045703125 0.1203125