0 0.19609375 0.62265625 0.0484375 0.14375
0 0.38515625 0.81171875 0.089453125 0.088671875
0 0.35234375 0.20234375 0.080859375 0.080859375
0 0.38828125 0.24140625 0.085546875 0.085546875
0 0.2078125 0.5203125 0.040625 0.083984375
0 0.2390625 0.3390625 0.046484375 0.1125
0 0.24296875 0.2515625 0.078125 0.07734375
0 0.21171875 0.303125 0.109375 0.11015625
0 0.3578125 0.5203125 0.043359375 0.090234375
0 0.32265625 0.52109375 0.035546875 0.0890625
0 0.28359375 0.5375 0.0515625 0.1125
0 0.22734375 0.56953125 0.0421875 0.1203125
0 0.25234375 0.56328125 0.045703125 0.1203125