0 0.80390625 0.37734375 0.0484375 0.14375
0 0.61484375 0.18828125 0.089453125 0.088671875
0 0.64765625 0.79765625 0.054296875 0.107421875
0 0.61171875 0.75859375 0.085546875 0.085546875
0 0.7921875 0.4796875 0.0625 0.062109375
0 0.7609375 0.6609375 0.079296875 0.0796875
0 0.75703125 0.7484375 0.078125 0.07734375
0 0.78828125 0.696875 0.109375 0.11015625
0 0.6421875 0.4796875 0.066796875 0.066796875
0 0.67734375 0.47890625 0.062109375 0.0625
0 0.71640625 0.4625 0.08203125 0.08203125
0 0.77265625 0.43046875 0.0421875 0.1203125
0 0.74765625 0.43671875 0.083203125 0.0828125