0 0.97734375 0.9484375 0.044921875 0.103125
0 0.9359375 0.8859375 0.128125 0.15625
0 0.9 0.975 0.053125 0.05
0 0.9171875 0.840625 0.165625 0.203125
0 0.8515625 0.8609375 0.159765625 0.158984375
0 0.9265625 0.0765625 0.052734375 0.097265625
0 0.890625 0.05546875 0.071484375 0.070703125
0 0.6515625 0.30859375 0.099609375 0.098828125
0 0.4953125 0.709375 0.073046875 0.073828125
0 0.61328125 0.58125 0.076953125 0.077734375
0 0.65078125 0.590625 0.039453125 0.127734375
0 0.625 0.375 0.0765625 0.076171875
0 0.6 0.37734375 0.040625 0.103125
0 0.57109375 0.390625 0.051953125 0.11796875
0 0.5375 0.40625 0.03046875 0.081640625
0 0.49453125 0.4109375 0.073828125 0.074609375
0 0.5109375 0.39296875 0.06953125 0.0703125