0 0.02265625 0.9484375 0.044921875 0.103125
0 0.0640625 0.8859375 0.128125 0.15625
0 0.1 0.975 0.053125 0.05
0 0.0828125 0.840625 0.165625 0.203125
0 0.1484375 0.8609375 0.159765625 0.158984375
0 0.0734375 0.0765625 0.052734375 0.097265625
0 0.109375 0.05546875 0.071484375 0.070703125
0 0.3484375 0.30859375 0.047265625 0.151171875
0 0.5046875 0.709375 0.073046875 0.073828125
0 0.38671875 0.58125 0.076953125 0.077734375
0 0.34921875 0.590625 0.039453125 0.127734375
0 0.375 0.375 0.0375 0.115234375
0 0.4 0.37734375 0.071875 0.071875
0 0.42890625 0.390625 0.085546875 0.084375
0 0.4625 0.40625 0.05546875 0.056640625
0 0.50546875 0.4109375 0.051171875 0.097265625
0 0.4890625 0.39296875 0.06953125 0.0703125