0 0.0296875 0.05078125 0.059375 0.0734375
0 0.0640625 0.1140625 0.128125 0.15625
0 0.1 0.025 0.053125 0.05
0 0.0828125 0.159375 0.165625 0.203125
0 0.1484375 0.1390625 0.159765625 0.158984375
0 0.0734375 0.9234375 0.074609375 0.075390625
0 0.109375 0.94453125 0.071484375 0.070703125
0 0.3484375 0.69140625 0.099609375 0.098828125
0 0.5046875 0.290625 0.040234375 0.106640625
0 0.38671875 0.41875 0.048046875 0.106640625
0 0.34921875 0.409375 0.083984375 0.083203125
0 0.375 0.625 0.0765625 0.076171875
0 0.4 0.62265625 0.071875 0.071875
0 0.42890625 0.609375 0.051953125 0.11796875
0 0.4625 0.59375 0.05546875 0.056640625
0 0.50546875 0.5890625 0.073828125 0.074609375
0 0.4890625 0.60703125 0.06953125 0.0703125