0 0.3890625 0.12109375 0.112109375 0.170703125
0 0.2703125 0.34375 0.128515625 0.12734375
0 0.234375 0.4046875 0.075 0.141015625
0 0.1765625 0.52578125 0.16484375 0.164453125
0 0.1328125 0.496875 0.14296875 0.141796875
0 0.30546875 0.64140625 0.07421875 0.07421875
0 0.23359375 0.665625 0.07578125 0.07578125
0 0.37265625 0.89375 0.0890625 0.088671875
0 0.484375 0.5375 0.158984375 0.16015625
0 0.4328125 0.37890625 0.1609375 0.16015625
0 0.103125 0.640625 0.128125 0.184375
0 0.03984375 0.76171875 0.075 0.1953125
0 0.2859375 0.80234375 0.062109375 0.1046875
0 0.25234375 0.8625 0.077734375 0.07734375
0 0.02890625 0.93046875 0.0578125 0.0765625