0 0.6109375 0.87890625 0.141015625 0.141796875
0 0.7296875 0.65625 0.128515625 0.12734375
0 0.765625 0.5953125 0.075 0.141015625
0 0.8234375 0.47421875 0.16484375 0.164453125
0 0.8671875 0.503125 0.14296875 0.141796875
0 0.69453125 0.35859375 0.05625 0.0921875
0 0.76640625 0.334375 0.07578125 0.07578125
0 0.62734375 0.10625 0.078125 0.099609375
0 0.515625 0.4625 0.112109375 0.20703125
0 0.5671875 0.62109375 0.1609375 0.16015625
0 0.896875 0.359375 0.128125 0.184375
0 0.94609375 0.2375 0.1078125 0.134375
0 0.7140625 0.19765625 0.062109375 0.1046875
0 0.74765625 0.1375 0.058203125 0.096875
0 0.97109375 0.06953125 0.0578125 0.0765625