0 0.3890625 0.87890625 0.141015625 0.141796875
0 0.2703125 0.65625 0.128515625 0.12734375
0 0.234375 0.5953125 0.1078125 0.108203125
0 0.1765625 0.47421875 0.16484375 0.164453125
0 0.1328125 0.503125 0.14296875 0.141796875
0 0.30546875 0.35859375 0.07421875 0.07421875
0 0.23359375 0.334375 0.0515625 0.1
0 0.37265625 0.10625 0.0890625 0.088671875
0 0.484375 0.4625 0.158984375 0.16015625
0 0.4328125 0.62109375 0.1609375 0.16015625
0 0.103125 0.359375 0.128125 0.184375
0 0.05390625 0.2375 0.1078125 0.134375
0 0.2859375 0.19765625 0.062109375 0.1046875
0 0.25234375 0.1375 0.077734375 0.07734375
0 0.01796875 0.0703125 0.0328125 0.121484375