0 0.27265625 0.38046875 0.16875 0.282421875
0 0.5375 0.35703125 0.13828125 0.166796875
0 0.584375 0.4890625 0.148046875 0.148828125
0 0.62109375 0.165625 0.145703125 0.145703125
0 0.66640625 0.1296875 0.130078125 0.130078125
0 0.70234375 0.065625 0.10078125 0.101171875
0 0.75078125 0.075 0.058203125 0.125390625
0 0.2765625 0.10625 0.141015625 0.187109375
0 0.1875 0.0390625 0.084375 0.078125
0 0.3921875 0.8109375 0.04375 0.087109375
0 0.3953125 0.76015625 0.072265625 0.073046875
0 0.51875 0.64921875 0.041015625 0.0953125