0 0.72734375 0.61953125 0.22578125 0.225390625
0 0.4625 0.64296875 0.13828125 0.166796875
0 0.415625 0.5109375 0.148046875 0.148828125
0 0.37890625 0.834375 0.091796875 0.199609375
0 0.33359375 0.8703125 0.130078125 0.130078125
0 0.29765625 0.934375 0.0765625 0.125390625
0 0.24921875 0.925 0.058203125 0.125390625
0 0.7234375 0.89375 0.141015625 0.187109375
0 0.8125 0.96484375 0.10546875 0.0640625
0 0.6078125 0.1890625 0.065625 0.065234375
0 0.6046875 0.23984375 0.072265625 0.073046875
0 0.48125 0.35078125 0.041015625 0.0953125