0 0.30546875 0.56015625 0.083984375 0.083984375
0 0.33671875 0.5953125 0.0578125 0.090234375
0 0.37265625 0.53515625 0.08125 0.081640625
0 0.37734375 0.46328125 0.07890625 0.07890625
0 0.27109375 0.5859375 0.08515625 0.0859375
0 0.0875 0.05546875 0.05390625 0.053125
0 0.05546875 0.0578125 0.057421875 0.057421875
0 0.04140625 0.1875 0.06796875 0.0671875
0 0.47265625 0.15 0.032421875 0.069140625
0 0.56484375 0.23046875 0.061328125 0.06171875
0 0.54609375 0.1078125 0.050390625 0.05078125
0 0.81953125 0.46328125 0.06875 0.069140625
0 0.4609375 0.20078125 0.049609375 0.049609375
0 0.38203125 0.178125 0.05234375 0.053125