0 0.69453125 0.56015625 0.083984375 0.083984375
0 0.66328125 0.5953125 0.07421875 0.073828125
0 0.62734375 0.53515625 0.08125 0.081640625
0 0.62265625 0.46328125 0.07890625 0.07890625
0 0.72890625 0.5859375 0.08515625 0.0859375
0 0.9125 0.05546875 0.05390625 0.053125
0 0.94453125 0.0578125 0.057421875 0.057421875
0 0.95859375 0.1875 0.06796875 0.0671875
0 0.52734375 0.15 0.050390625 0.051171875
0 0.43515625 0.23046875 0.061328125 0.06171875
0 0.45390625 0.1078125 0.032421875 0.06875
0 0.18046875 0.46328125 0.06875 0.069140625
0 0.5390625 0.20078125 0.034765625 0.064453125
0 0.61796875 0.178125 0.05234375 0.053125