0 0.69453125 0.43984375 0.083984375 0.083984375
0 0.66328125 0.4046875 0.07421875 0.073828125
0 0.62734375 0.46484375 0.08125 0.081640625
0 0.62265625 0.53671875 0.07890625 0.07890625
0 0.72890625 0.4140625 0.08515625 0.0859375
0 0.9125 0.94453125 0.05390625 0.053125
0 0.94453125 0.9421875 0.057421875 0.057421875
0 0.95859375 0.8125 0.06796875 0.0671875
0 0.52734375 0.85 0.050390625 0.051171875
0 0.43515625 0.76953125 0.061328125 0.06171875
0 0.45390625 0.8921875 0.050390625 0.05078125
0 0.18046875 0.53671875 0.0453125 0.092578125
0 0.5390625 0.79921875 0.034765625 0.064453125
0 0.61796875 0.821875 0.05234375 0.053125