0 0.37109375 0.73984375 0.109375 0.109375
0 0.240625 0.62109375 0.070703125 0.070703125
0 0.19296875 0.5453125 0.055859375 0.055078125
0 0.37890625 0.5140625 0.1046875 0.10546875
0 0.3625 0.4171875 0.07578125 0.106640625
0 0.440625 0.61015625 0.06015625 0.06015625
0 0.53203125 0.73125 0.08828125 0.088671875
0 0.5390625 0.5296875 0.065625 0.06640625
0 0.715625 0.45703125 0.08515625 0.084375
0 0.7484375 0.49921875 0.07109375 0.071484375
0 0.6328125 0.39375 0.04609375 0.077734375
0 0.596875 0.43984375 0.0765625 0.076171875
0 0.33203125 0.2953125 0.0640625 0.063671875