0 0.3015625 0.603125 0.0875 0.125390625
0 0.26484375 0.51328125 0.085546875 0.138671875
0 0.20390625 0.4078125 0.061328125 0.061328125
0 0.515625 0.31640625 0.0640625 0.0640625
0 0.5578125 0.3625 0.052734375 0.077734375
0 0.603125 0.334375 0.083203125 0.083203125
0 0.640625 0.3265625 0.06953125 0.068359375
0 0.4515625 0.4015625 0.06875 0.06796875
0 0.484375 0.4328125 0.05859375 0.057421875
0 0.490625 0.37890625 0.075390625 0.076171875
0 0.48671875 0.690625 0.10625 0.10625
0 0.3421875 0.81171875 0.10625 0.106640625
0 0.184375 0.784375 0.05078125 0.084765625
0 0.12265625 0.740625 0.0625 0.06328125
0 0.3 0.73359375 0.0765625 0.076171875
0 0.3765625 0.63515625 0.04375 0.083203125