0 0.37109375 0.73984375 0.109375 0.109375
0 0.240625 0.62109375 0.043359375 0.098046875
0 0.19296875 0.5453125 0.055859375 0.055078125
0 0.37890625 0.5140625 0.1046875 0.10546875
0 0.3625 0.4171875 0.09140625 0.091015625
0 0.440625 0.61015625 0.04375 0.0765625
0 0.53203125 0.73125 0.08828125 0.088671875
0 0.5390625 0.5296875 0.053125 0.07890625
0 0.715625 0.45703125 0.05703125 0.1125
0 0.7484375 0.49921875 0.07109375 0.071484375
0 0.6328125 0.39375 0.06171875 0.062109375
0 0.596875 0.43984375 0.0765625 0.076171875
0 0.33203125 0.2953125 0.0640625 0.063671875