0 0.6984375 0.396875 0.10625 0.106640625
0 0.73515625 0.48671875 0.112109375 0.112109375
0 0.79609375 0.5921875 0.061328125 0.061328125
0 0.484375 0.68359375 0.046875 0.08125
0 0.4421875 0.6375 0.065234375 0.065234375
0 0.396875 0.665625 0.059765625 0.106640625
0 0.359375 0.6734375 0.06953125 0.068359375
0 0.5484375 0.5984375 0.06875 0.06796875
0 0.515625 0.5671875 0.05859375 0.057421875
0 0.509375 0.62109375 0.052734375 0.098828125
0 0.51328125 0.309375 0.10625 0.10625
0 0.6578125 0.18828125 0.07109375 0.141796875
0 0.815625 0.215625 0.06796875 0.067578125
0 0.87734375 0.259375 0.05 0.07578125
0 0.7 0.26640625 0.0765625 0.076171875
0 0.6234375 0.36484375 0.04375 0.083203125