0 0.30390625 0.36484375 0.101171875 0.2125
0 0.2234375 0.47265625 0.1 0.204296875
0 0.27265625 0.57421875 0.058203125 0.103125
0 0.3578125 0.603125 0.068359375 0.133984375
0 0.20390625 0.11953125 0.1625 0.1625
0 0.421875 0.04140625 0.06953125 0.0765625
0 0.8671875 0.20859375 0.196484375 0.196875
0 0.6859375 0.44375 0.11875 0.11953125
0 0.86796875 0.415625 0.158984375 0.15859375
0 0.765625 0.46484375 0.069140625 0.148046875
0 0.30546875 0.95546875 0.0640625 0.073828125
0 0.565625 0.9453125 0.083203125 0.082421875
0 0.41015625 0.871875 0.090234375 0.08984375