0 0.69609375 0.36484375 0.156640625 0.15703125
0 0.7765625 0.47265625 0.1 0.204296875
0 0.72734375 0.57421875 0.080859375 0.08046875
0 0.6421875 0.603125 0.101171875 0.101171875
0 0.79609375 0.11953125 0.1625 0.1625
0 0.578125 0.04140625 0.06953125 0.0765625
0 0.1328125 0.20859375 0.196484375 0.196875
0 0.3140625 0.44375 0.08125 0.15703125
0 0.13203125 0.415625 0.108203125 0.209375
0 0.234375 0.46484375 0.108984375 0.108203125
0 0.69453125 0.95546875 0.06875 0.069140625
0 0.434375 0.9453125 0.056640625 0.108984375
0 0.58984375 0.871875 0.090234375 0.08984375