0 0.16796875 0.5515625 0.200390625 0.200390625
0 0.09453125 0.5015625 0.153125 0.153125
0 0.17578125 0.70625 0.11640625 0.116796875
0 0.61328125 0.8421875 0.190234375 0.189453125
0 0.58515625 0.94140625 0.116015625 0.116015625
0 0.69609375 0.496875 0.169921875 0.169921875
0 0.2859375 0.42734375 0.084375 0.179296875
0 0.34765625 0.43046875 0.13828125 0.138671875
0 0.4171875 0.48203125 0.13125 0.130078125
0 0.23515625 0.240625 0.0859375 0.221875
0 0.290625 0.09140625 0.147265625 0.146875
0 0.46328125 0.0515625 0.093359375 0.0921875
0 0.89609375 0.62109375 0.095703125 0.1484375