0 0.6 0.72734375 0.143359375 0.334375
0 0.5953125 0.92578125 0.15625 0.1484375
0 0.3796875 0.80390625 0.116015625 0.267578125
0 0.284375 0.8625 0.141015625 0.225
0 0.13828125 0.48203125 0.186328125 0.185546875
0 0.4421875 0.14609375 0.18671875 0.1875
0 0.52578125 0.23203125 0.1046875 0.226171875
0 0.6078125 0.2296875 0.16328125 0.16328125
0 0.58125 0.35625 0.068359375 0.147265625
0 0.6703125 0.46484375 0.19140625 0.190625
0 0.80703125 0.11953125 0.1859375 0.2328125
0 0.90390625 0.14609375 0.1921875 0.2015625