0 0.6 0.27265625 0.238671875 0.2390625
0 0.5953125 0.07421875 0.15625 0.1484375
0 0.3796875 0.19609375 0.191796875 0.191796875
0 0.284375 0.1375 0.183203125 0.1828125
0 0.13828125 0.51796875 0.186328125 0.185546875
0 0.4421875 0.85390625 0.10234375 0.271875
0 0.52578125 0.76796875 0.165625 0.165234375
0 0.6078125 0.7703125 0.16328125 0.16328125
0 0.58125 0.64375 0.107421875 0.108203125
0 0.6703125 0.53515625 0.11015625 0.271875
0 0.80703125 0.88046875 0.1859375 0.2328125
0 0.9078125 0.8546875 0.121875 0.27890625