0 0.4 0.72734375 0.143359375 0.334375
0 0.4046875 0.92578125 0.15625 0.1484375
0 0.6203125 0.80390625 0.116015625 0.267578125
0 0.715625 0.8625 0.183203125 0.1828125
0 0.86171875 0.48203125 0.139453125 0.232421875
0 0.5578125 0.14609375 0.10234375 0.271875
0 0.47421875 0.23203125 0.165625 0.165234375
0 0.3921875 0.2296875 0.16328125 0.16328125
0 0.41875 0.35625 0.107421875 0.108203125
0 0.3296875 0.46484375 0.19140625 0.190625
0 0.19296875 0.11953125 0.209375 0.209375
0 0.09609375 0.14609375 0.1921875 0.2015625