0 0.83203125 0.4484375 0.200390625 0.200390625
0 0.90546875 0.4984375 0.153125 0.153125
0 0.82421875 0.29375 0.11640625 0.116796875
0 0.38671875 0.1578125 0.117578125 0.262109375
0 0.41484375 0.05859375 0.120703125 0.111328125
0 0.30390625 0.503125 0.169921875 0.169921875
0 0.7140625 0.57265625 0.13203125 0.131640625
0 0.65234375 0.56953125 0.13828125 0.138671875
0 0.5828125 0.51796875 0.13125 0.130078125
0 0.76484375 0.759375 0.0859375 0.221875
0 0.709375 0.90859375 0.147265625 0.146875
0 0.53671875 0.9484375 0.093359375 0.0921875
0 0.10390625 0.37890625 0.095703125 0.1484375