0 0.14609375 0.15 0.217578125 0.2171875
0 0.0640625 0.09921875 0.10234375 0.1984375
0 0.27890625 0.07109375 0.11484375 0.114453125
0 0.35546875 0.0875 0.082421875 0.175
0 0.41875 0.1421875 0.159765625 0.16015625
0 0.15390625 0.3484375 0.088671875 0.158984375
0 0.49765625 0.91640625 0.14140625 0.141796875
0 0.528125 0.8125 0.179296875 0.18046875
0 0.61171875 0.690625 0.2015625 0.201953125
0 0.6546875 0.4828125 0.19921875 0.2
0 0.74453125 0.1328125 0.184375 0.183984375
0 0.95390625 0.2875 0.0890625 0.177734375