0 0.85390625 0.85 0.217578125 0.2171875
0 0.93046875 0.9015625 0.1390625 0.15
0 0.72109375 0.92890625 0.11484375 0.114453125
0 0.64453125 0.9125 0.082421875 0.175
0 0.58125 0.8578125 0.091015625 0.22890625
0 0.84609375 0.6515625 0.088671875 0.158984375
0 0.50234375 0.08359375 0.121875 0.161328125
0 0.471875 0.1875 0.179296875 0.18046875
0 0.38828125 0.309375 0.121875 0.281640625
0 0.3453125 0.5171875 0.12109375 0.278125
0 0.25546875 0.8671875 0.103125 0.265234375
0 0.04609375 0.7125 0.0890625 0.177734375