0 0.85390625 0.15 0.217578125 0.2171875
0 0.9359375 0.09921875 0.10234375 0.1984375
0 0.72109375 0.07109375 0.11484375 0.114453125
0 0.64453125 0.0875 0.128515625 0.12890625
0 0.58125 0.1421875 0.159765625 0.16015625
0 0.84609375 0.3484375 0.088671875 0.158984375
0 0.50234375 0.91640625 0.121875 0.161328125
0 0.471875 0.8125 0.179296875 0.18046875
0 0.38828125 0.690625 0.121875 0.281640625
0 0.3453125 0.4828125 0.19921875 0.2
0 0.25546875 0.1328125 0.184375 0.183984375
0 0.04609375 0.2875 0.0890625 0.177734375