0 0.40859375 0.25703125 0.1671875 0.166796875
0 0.3734375 0.0953125 0.1375 0.18515625
0 0.48828125 0.075 0.13046875 0.13046875
0 0.22734375 0.534375 0.13046875 0.130078125
0 0.425 0.49375 0.127734375 0.128515625
0 0.421875 0.6953125 0.059375 0.122265625
0 0.4765625 0.696875 0.103125 0.102734375
0 0.48984375 0.86171875 0.132421875 0.132421875
0 0.73671875 0.671875 0.073046875 0.171484375
0 0.703125 0.63828125 0.112890625 0.113671875
0 0.7734375 0.13359375 0.188671875 0.18828125
0 0.9203125 0.221875 0.112890625 0.19453125