0 0.59140625 0.74296875 0.1671875 0.166796875
0 0.6265625 0.9046875 0.1609375 0.16171875
0 0.51171875 0.925 0.13046875 0.13046875
0 0.77265625 0.465625 0.0859375 0.174609375
0 0.575 0.50625 0.087109375 0.169140625
0 0.578125 0.3046875 0.090625 0.091015625
0 0.5234375 0.303125 0.103125 0.102734375
0 0.51015625 0.13828125 0.132421875 0.132421875
0 0.26328125 0.328125 0.073046875 0.171484375
0 0.296875 0.36171875 0.071484375 0.155078125
0 0.2265625 0.86640625 0.116015625 0.2609375
0 0.0796875 0.778125 0.112890625 0.19453125