0 0.56796875 0.29375 0.22421875 0.22421875
0 0.61328125 0.0859375 0.185546875 0.166015625
0 0.45078125 0.065625 0.176953125 0.125
0 0.12265625 0.16328125 0.23984375 0.23984375
0 0.046875 0.25234375 0.09375 0.1359375
0 0.39921875 0.7359375 0.10625 0.203515625
0 0.55 0.74453125 0.08125 0.169921875
0 0.60703125 0.53671875 0.158984375 0.159375
0 0.85546875 0.5921875 0.175390625 0.176171875
0 0.62109375 0.74140625 0.079296875 0.1890625
0 0.52734375 0.94296875 0.11015625 0.11015625
0 0.26015625 0.6828125 0.140625 0.140234375
0 0.2328125 0.7859375 0.139453125 0.138671875