0 0.56796875 0.70625 0.22421875 0.22421875
0 0.6125 0.9125 0.175 0.175
0 0.45078125 0.934375 0.176953125 0.125
0 0.12265625 0.83671875 0.1578125 0.321875
0 0.046875 0.74765625 0.09375 0.1359375
0 0.39921875 0.2640625 0.10625 0.203515625
0 0.55 0.25546875 0.12578125 0.125390625
0 0.60703125 0.46328125 0.158984375 0.159375
0 0.85546875 0.4078125 0.129296875 0.222265625
0 0.62109375 0.25859375 0.079296875 0.1890625
0 0.52734375 0.05703125 0.11015625 0.11015625
0 0.26015625 0.3171875 0.140625 0.140234375
0 0.2328125 0.2140625 0.139453125 0.138671875