0 0.43203125 0.70625 0.22421875 0.22421875
0 0.38671875 0.9140625 0.185546875 0.166015625
0 0.54921875 0.934375 0.176953125 0.125
0 0.87734375 0.83671875 0.23984375 0.23984375
0 0.953125 0.74765625 0.09375 0.1359375
0 0.60078125 0.2640625 0.1546875 0.155078125
0 0.45 0.25546875 0.08125 0.169921875
0 0.39296875 0.46328125 0.110546875 0.2078125
0 0.14453125 0.4078125 0.129296875 0.222265625
0 0.37890625 0.25859375 0.079296875 0.1890625
0 0.47265625 0.05703125 0.11015625 0.11015625
0 0.73984375 0.3171875 0.140625 0.140234375
0 0.7671875 0.2140625 0.139453125 0.138671875