0 0.23046875 0.5375 0.23515625 0.234765625
0 0.36796875 0.23046875 0.084375 0.19375
0 0.2859375 0.221875 0.108984375 0.10859375
0 0.06171875 0.778125 0.1234375 0.153125
0 0.51953125 0.228125 0.136328125 0.1375
0 0.56640625 0.059375 0.09296875 0.093359375
0 0.77265625 0.665625 0.16015625 0.159765625
0 0.953125 0.40859375 0.091015625 0.219921875
0 0.64140625 0.5265625 0.123828125 0.12421875
0 0.59453125 0.16015625 0.104296875 0.1921875
0 0.6109375 0.28046875 0.0625 0.182421875
0 0.66953125 0.2515625 0.116015625 0.116796875