0 0.76953125 0.5375 0.1515625 0.318359375
0 0.63203125 0.23046875 0.084375 0.19375
0 0.7140625 0.221875 0.108984375 0.10859375
0 0.93828125 0.778125 0.1234375 0.153125
0 0.48046875 0.228125 0.136328125 0.1375
0 0.43359375 0.059375 0.09296875 0.093359375
0 0.22734375 0.665625 0.16015625 0.159765625
0 0.0625 0.4078125 0.125 0.15625
0 0.35859375 0.5265625 0.082421875 0.165625
0 0.40546875 0.16015625 0.148046875 0.1484375
0 0.3890625 0.28046875 0.0625 0.182421875
0 0.33046875 0.2515625 0.116015625 0.116796875