0 0.76953125 0.5375 0.23515625 0.234765625
0 0.63203125 0.23046875 0.1390625 0.1390625
0 0.7140625 0.221875 0.108984375 0.10859375
0 0.93828125 0.778125 0.1234375 0.153125
0 0.48046875 0.228125 0.136328125 0.1375
0 0.43359375 0.059375 0.09296875 0.093359375
0 0.22734375 0.665625 0.16015625 0.159765625
0 0.0625 0.4078125 0.125 0.15625
0 0.35859375 0.5265625 0.123828125 0.12421875
0 0.40546875 0.16015625 0.104296875 0.1921875
0 0.3890625 0.28046875 0.12265625 0.122265625
0 0.33046875 0.2515625 0.116015625 0.116796875