0 0.625 0.2859375 0.1578125 0.157421875
0 0.8890625 0.2640625 0.115234375 0.115234375
0 0.81484375 0.44453125 0.165625 0.165625
0 0.621875 0.684375 0.112109375 0.1125
0 0.6515625 0.7640625 0.13203125 0.13125
0 0.6859375 0.86015625 0.071484375 0.13125
0 0.528125 0.7421875 0.1203125 0.120703125
0 0.4609375 0.8140625 0.101171875 0.10078125
0 0.3765625 0.9125 0.09140625 0.175
0 0.253125 0.86015625 0.116015625 0.116796875
0 0.3765625 0.5375 0.1609375 0.161328125
0 0.4453125 0.53046875 0.146875 0.146875