0 0.12421875 0.5890625 0.101171875 0.1
0 0.19453125 0.365625 0.171484375 0.17109375
0 0.32890625 0.11640625 0.116015625 0.11640625
0 0.290625 0.04453125 0.071484375 0.08125
0 0.35546875 0.18671875 0.06875 0.1359375
0 0.4546875 0.1296875 0.0875 0.08671875
0 0.5109375 0.075 0.0875 0.08828125
0 0.365625 0.51953125 0.09453125 0.2015625
0 0.5125 0.77421875 0.10625 0.107421875
0 0.678125 0.9421875 0.104296875 0.105078125
0 0.784375 0.7921875 0.058984375 0.14609375
0 0.51328125 0.30234375 0.0765625 0.1578125
0 0.59375 0.2859375 0.09921875 0.09765625