0 0.12421875 0.4109375 0.101171875 0.1
0 0.19453125 0.634375 0.171484375 0.17109375
0 0.32890625 0.88359375 0.116015625 0.11640625
0 0.290625 0.95546875 0.076171875 0.0765625
0 0.35546875 0.81328125 0.06875 0.1359375
0 0.4546875 0.8703125 0.0875 0.08671875
0 0.5109375 0.925 0.0875 0.08828125
0 0.365625 0.48046875 0.1484375 0.14765625
0 0.5125 0.22578125 0.10625 0.107421875
0 0.678125 0.0578125 0.104296875 0.105078125
0 0.784375 0.2078125 0.102734375 0.10234375
0 0.51328125 0.69765625 0.1171875 0.1171875
0 0.59375 0.7140625 0.07578125 0.12109375