0 0.87578125 0.4109375 0.101171875 0.1
0 0.80546875 0.634375 0.098828125 0.24375
0 0.67109375 0.88359375 0.116015625 0.11640625
0 0.709375 0.95546875 0.071484375 0.08125
0 0.64453125 0.81328125 0.06875 0.1359375
0 0.5453125 0.8703125 0.0875 0.08671875
0 0.4890625 0.925 0.0875 0.08828125
0 0.634375 0.48046875 0.1484375 0.14765625
0 0.4875 0.22578125 0.06796875 0.145703125
0 0.321875 0.0578125 0.099609375 0.109765625
0 0.215625 0.2078125 0.058984375 0.14609375
0 0.48671875 0.69765625 0.1171875 0.1171875
0 0.40625 0.7140625 0.07578125 0.12109375