0 0.375 0.7140625 0.1578125 0.157421875
0 0.1109375 0.7359375 0.115234375 0.115234375
0 0.18515625 0.55546875 0.165625 0.165625
0 0.378125 0.315625 0.112109375 0.1125
0 0.3484375 0.2359375 0.09140625 0.171875
0 0.3140625 0.13984375 0.101171875 0.1015625
0 0.471875 0.2578125 0.1203125 0.120703125
0 0.5390625 0.1859375 0.101171875 0.10078125
0 0.6234375 0.0875 0.13359375 0.1328125
0 0.746875 0.13984375 0.077734375 0.155078125
0 0.6234375 0.4625 0.090625 0.231640625
0 0.5546875 0.46953125 0.146875 0.146875