0 0.33359375 0.7734375 0.133203125 0.133984375
0 0.38359375 0.63515625 0.1625 0.1625
0 0.41640625 0.5390625 0.137890625 0.137890625
0 0.59921875 0.653125 0.076171875 0.14453125
0 0.75625 0.87734375 0.18515625 0.18515625
0 0.8078125 0.93984375 0.069140625 0.119921875
0 0.8890625 0.775 0.10859375 0.20078125
0 0.73125 0.76015625 0.10546875 0.254296875
0 0.78203125 0.3703125 0.1296875 0.29375
0 0.67421875 0.33828125 0.20703125 0.207421875
0 0.4390625 0.0640625 0.1265625 0.126953125
0 0.15703125 0.234375 0.3140625 0.3375