0 0.2828125 0.52734375 0.1296875 0.1296875
0 0.33359375 0.4078125 0.1265625 0.191015625
0 0.36484375 0.30625 0.125390625 0.125390625
0 0.1125 0.1 0.203125 0.2
0 0.6328125 0.14765625 0.18671875 0.18671875
0 0.71640625 0.16640625 0.21484375 0.214453125
0 0.5484375 0.44921875 0.11015625 0.109765625
0 0.53671875 0.86171875 0.0578125 0.1359375
0 0.5578125 0.96171875 0.084375 0.0765625
0 0.68359375 0.6734375 0.191796875 0.191796875
0 0.72421875 0.72890625 0.1421875 0.1421875
0 0.6546875 0.5671875 0.11640625 0.237890625
0 0.81640625 0.56875 0.161328125 0.1625