0 0.13515625 0.834375 0.259765625 0.26015625
0 0.4015625 0.5890625 0.144921875 0.145703125
0 0.36640625 0.47265625 0.126171875 0.207421875
0 0.32109375 0.39296875 0.085546875 0.151171875
0 0.7296875 0.22578125 0.125 0.26875
0 0.865625 0.33828125 0.16796875 0.16796875
0 0.77265625 0.1578125 0.083203125 0.17734375
0 0.58125 0.05625 0.0984375 0.0984375
0 0.58125 0.45859375 0.108984375 0.108203125
0 0.76484375 0.74140625 0.213671875 0.2140625
0 0.6625 0.7703125 0.12421875 0.3
0 0.69765625 0.3359375 0.184375 0.18359375