0 0.61953125 0.115625 0.120703125 0.218359375
0 0.9046875 0.10546875 0.140625 0.139453125
0 0.84140625 0.340625 0.14375 0.296484375
0 0.64375 0.65234375 0.112109375 0.189453125
0 0.609375 0.5765625 0.108984375 0.10859375
0 0.678125 0.7640625 0.1078125 0.108203125
0 0.43359375 0.6953125 0.0734375 0.150390625
0 0.35390625 0.79765625 0.091796875 0.2375
0 0.3390625 0.85625 0.096875 0.23203125
0 0.28203125 0.92109375 0.11640625 0.11640625
0 0.19921875 0.7703125 0.132421875 0.13125
0 0.3265625 0.42265625 0.168359375 0.16875
0 0.40859375 0.3984375 0.1125 0.246484375