0 0.2578125 0.61328125 0.130859375 0.130859375
0 0.31015625 0.7234375 0.162890625 0.162890625
0 0.34140625 0.82578125 0.091796875 0.184375
0 0.52734375 0.6671875 0.106640625 0.107421875
0 0.646875 0.46875 0.19296875 0.1921875
0 0.69609375 0.40859375 0.0875 0.1875
0 0.7890625 0.56328125 0.09375 0.173828125
0 0.63046875 0.56328125 0.18984375 0.189453125
0 0.50625 0.2671875 0.059375 0.13359375
0 0.37109375 0.06015625 0.1265625 0.1203125
0 0.5234375 0.11171875 0.105859375 0.211328125
0 0.571875 0.046875 0.094140625 0.09375
0 0.59765625 0.9328125 0.096875 0.12890625
0 0.69609375 0.91171875 0.154296875 0.15390625