0 0.44765625 0.8375 0.151953125 0.319140625
0 0.6703125 0.4890625 0.20546875 0.20546875
0 0.77578125 0.45859375 0.2125 0.212890625
0 0.59765625 0.18359375 0.11171875 0.112109375
0 0.7234375 0.084375 0.144921875 0.144921875
0 0.8921875 0.08359375 0.109375 0.1671875
0 0.76328125 0.040625 0.1015625 0.07421875
0 0.15703125 0.57265625 0.3140625 0.3296875
0 0.059375 0.87109375 0.094140625 0.2140625
0 0.32578125 0.9 0.070703125 0.15703125
0 0.33203125 0.0828125 0.126953125 0.126953125
0 0.38125 0.20625 0.15390625 0.152734375
0 0.415625 0.30390625 0.140234375 0.140234375