0 0.66640625 0.2265625 0.085546875 0.181640625
0 0.61640625 0.36484375 0.1625 0.1625
0 0.58359375 0.4609375 0.137890625 0.137890625
0 0.40078125 0.346875 0.109765625 0.1109375
0 0.24375 0.12265625 0.18515625 0.18515625
0 0.1921875 0.06015625 0.069140625 0.119921875
0 0.1109375 0.225 0.15390625 0.15546875
0 0.26875 0.23984375 0.1796875 0.180078125
0 0.21796875 0.6296875 0.21171875 0.21171875
0 0.32578125 0.66171875 0.128125 0.286328125
0 0.5609375 0.9359375 0.1265625 0.126953125
0 0.853125 0.765625 0.221484375 0.453125