0 0.55234375 0.8375 0.235546875 0.235546875
0 0.3296875 0.4890625 0.20546875 0.20546875
0 0.22421875 0.45859375 0.1359375 0.289453125
0 0.40234375 0.18359375 0.11171875 0.112109375
0 0.2765625 0.084375 0.144921875 0.144921875
0 0.1078125 0.08359375 0.109375 0.1671875
0 0.2375 0.0421875 0.0875 0.084375
0 0.84921875 0.5734375 0.210546875 0.446484375
0 0.93203125 0.8703125 0.1359375 0.153125
0 0.67421875 0.9 0.113671875 0.1140625
0 0.66796875 0.0828125 0.126953125 0.126953125
0 0.61875 0.20625 0.15390625 0.152734375
0 0.584375 0.30390625 0.140234375 0.140234375