0 0.38046875 0.884375 0.120703125 0.218359375
0 0.0953125 0.89453125 0.140625 0.139453125
0 0.15859375 0.659375 0.2203125 0.219921875
0 0.35625 0.34765625 0.112109375 0.189453125
0 0.390625 0.4234375 0.108984375 0.10859375
0 0.321875 0.2359375 0.1078125 0.108203125
0 0.56640625 0.3046875 0.0734375 0.150390625
0 0.64609375 0.20234375 0.091796875 0.2375
0 0.6609375 0.14375 0.096875 0.23203125
0 0.71796875 0.07890625 0.11640625 0.11640625
0 0.80078125 0.2296875 0.132421875 0.13125
0 0.6734375 0.57734375 0.121484375 0.215625
0 0.59140625 0.6015625 0.1796875 0.179296875