0 0.5265625 0.78984375 0.214453125 0.215234375
0 0.4140625 0.87109375 0.106640625 0.106640625
0 0.27734375 0.534375 0.164453125 0.378515625
0 0.5046875 0.309375 0.1265625 0.126953125
0 0.478125 0.2015625 0.1453125 0.1453125
0 0.6796875 0.19609375 0.117578125 0.11796875
0 0.796875 0.09609375 0.149609375 0.14921875
0 0.8421875 0.05625 0.115625 0.1125
0 0.95703125 0.07578125 0.080078125 0.1453125
0 0.7375 0.503125 0.17734375 0.17734375
0 0.840625 0.48515625 0.131640625 0.1921875
0 0.1828125 0.8109375 0.13828125 0.13828125
0 0.43046875 0.09140625 0.118359375 0.11796875