0 0.7171875 0.52734375 0.1296875 0.1296875
0 0.66640625 0.4078125 0.15859375 0.158984375
0 0.63515625 0.30625 0.125390625 0.125390625
0 0.8875 0.1 0.203125 0.2
0 0.3671875 0.14765625 0.18671875 0.18671875
0 0.28359375 0.16640625 0.13125 0.298046875
0 0.4515625 0.44921875 0.11015625 0.109765625
0 0.46328125 0.86171875 0.096875 0.096875
0 0.4421875 0.96171875 0.084375 0.0765625
0 0.31640625 0.6734375 0.191796875 0.191796875
0 0.27578125 0.72890625 0.0984375 0.1859375
0 0.3453125 0.5671875 0.17734375 0.176953125
0 0.18359375 0.56875 0.161328125 0.1625