0 0.2578125 0.38671875 0.130859375 0.130859375
0 0.31015625 0.2765625 0.126171875 0.199609375
0 0.34140625 0.17421875 0.137890625 0.13828125
0 0.52734375 0.3328125 0.106640625 0.107421875
0 0.646875 0.53125 0.19296875 0.1921875
0 0.69609375 0.59140625 0.0875 0.1875
0 0.7890625 0.43671875 0.09375 0.173828125
0 0.63046875 0.43671875 0.115625 0.263671875
0 0.50625 0.7328125 0.059375 0.13359375
0 0.37109375 0.93984375 0.1265625 0.1203125
0 0.5234375 0.88828125 0.105859375 0.211328125
0 0.571875 0.953125 0.094140625 0.09375
0 0.59765625 0.0671875 0.1125 0.11328125
0 0.69609375 0.08828125 0.154296875 0.15390625