0 0.86484375 0.165625 0.194921875 0.325
0 0.5984375 0.4109375 0.144921875 0.145703125
0 0.63359375 0.52734375 0.166796875 0.166796875
0 0.67890625 0.60703125 0.118359375 0.118359375
0 0.2703125 0.77421875 0.196875 0.196875
0 0.134375 0.66171875 0.16796875 0.16796875
0 0.22734375 0.8421875 0.130859375 0.1296875
0 0.41875 0.94375 0.0984375 0.0984375
0 0.41875 0.54140625 0.069140625 0.148046875
0 0.23515625 0.25859375 0.141796875 0.2859375
0 0.3375 0.2296875 0.12421875 0.3
0 0.30234375 0.6640625 0.184375 0.18359375