0 0.4734375 0.78984375 0.214453125 0.215234375
0 0.5859375 0.87109375 0.106640625 0.106640625
0 0.72265625 0.534375 0.271484375 0.271484375
0 0.4953125 0.309375 0.1265625 0.126953125
0 0.521875 0.2015625 0.103125 0.1875
0 0.3203125 0.19609375 0.117578125 0.11796875
0 0.203125 0.09609375 0.106640625 0.1921875
0 0.15703125 0.0546875 0.132421875 0.099609375
0 0.04296875 0.07578125 0.080078125 0.1453125
0 0.2625 0.503125 0.11796875 0.23671875
0 0.159375 0.48515625 0.162109375 0.16171875
0 0.8171875 0.8109375 0.13828125 0.13828125
0 0.56953125 0.09140625 0.118359375 0.11796875