0 0.896875 0.1296875 0.20625 0.221875
0 0.88671875 0.2296875 0.2265625 0.246875
0 0.7765625 0.21328125 0.273828125 0.273828125
0 0.665625 0.4015625 0.140625 0.30390625
0 0.61171875 0.26796875 0.1453125 0.1453125
0 0.56640625 0.23984375 0.128515625 0.127734375
0 0.4390625 0.21171875 0.108984375 0.2609375
0 0.5796875 0.62734375 0.211328125 0.2109375
0 0.503125 0.6046875 0.11171875 0.20390625
0 0.39765625 0.81171875 0.168359375 0.16796875
0 0.31015625 0.834375 0.253125 0.25390625
0 0.06875 0.590625 0.134765625 0.56171875