0 0.5 0.6984375 0.09453125 0.09453125
0 0.6984375 0.92578125 0.065625 0.138671875
0 0.38125 0.97109375 0.06796875 0.053125
0 0.5125 0.8921875 0.03046875 0.084765625
0 0.0671875 0.4765625 0.134375 0.146875
0 0.4359375 0.41484375 0.0828125 0.0828125
0 0.4578125 0.509375 0.089453125 0.088671875
0 0.45 0.63359375 0.0484375 0.048046875
0 0.4453125 0.61171875 0.033984375 0.059375
0 0.4734375 0.596875 0.044140625 0.062890625
0 0.52890625 0.57890625 0.059375 0.059765625
0 0.51328125 0.47265625 0.053125 0.0640625
0 0.53828125 0.4328125 0.056640625 0.05703125
0 0.565625 0.4921875 0.03671875 0.07734375
0 0.6015625 0.4859375 0.059765625 0.059375
0 0.74296875 0.78359375 0.099609375 0.099609375
0 0.7828125 0.67265625 0.05 0.082421875
0 0.63203125 0.5953125 0.063671875 0.06328125
0 0.87734375 0.55546875 0.058203125 0.096875
0 0.94296875 0.50390625 0.070703125 0.07109375
0 0.88203125 0.43046875 0.078125 0.126171875
0 0.7171875 0.05234375 0.071875 0.104296875
0 0.59453125 0.203125 0.04453125 0.04453125
0 0.57265625 0.22109375 0.0484375 0.0484375
0 0.640625 0.30234375 0.079296875 0.07890625
0 0.57109375 0.39609375 0.05546875 0.05546875
0 0.5 0.2984375 0.06953125 0.07109375
0 0.46171875 0.2734375 0.07109375 0.0703125
0 0.40625 0.11640625 0.043359375 0.0921875
0 0.67578125 0.54140625 0.0578125 0.0578125
0 0.596875 0.4390625 0.0578125 0.0578125