0 0.5 0.3015625 0.06796875 0.12109375
0 0.3015625 0.07421875 0.10234375 0.101953125
0 0.61796875 0.0296875 0.0609375 0.059375
0 0.4875 0.1078125 0.03046875 0.084765625
0 0.93984375 0.52265625 0.117578125 0.176171875
0 0.5640625 0.58515625 0.0828125 0.0828125
0 0.5421875 0.490625 0.062890625 0.115234375
0 0.55 0.36640625 0.03203125 0.064453125
0 0.5546875 0.38828125 0.033984375 0.059375
0 0.5265625 0.403125 0.053515625 0.053515625
0 0.47109375 0.42109375 0.059375 0.059765625
0 0.48671875 0.52734375 0.05859375 0.05859375
0 0.46171875 0.5671875 0.056640625 0.05703125
0 0.434375 0.5078125 0.05703125 0.05703125
0 0.3984375 0.5140625 0.059765625 0.059375
0 0.25703125 0.21640625 0.063671875 0.135546875
0 0.2171875 0.32734375 0.05 0.082421875
0 0.36796875 0.4046875 0.063671875 0.06328125
0 0.12265625 0.44453125 0.058203125 0.096875
0 0.05703125 0.49609375 0.070703125 0.07109375
0 0.11796875 0.56953125 0.10234375 0.101953125
0 0.2828125 0.94765625 0.071875 0.104296875
0 0.40546875 0.796875 0.04453125 0.04453125
0 0.42734375 0.77890625 0.0484375 0.0484375
0 0.359375 0.69765625 0.056640625 0.1015625
0 0.42890625 0.60390625 0.0375 0.0734375
0 0.5 0.7015625 0.06953125 0.07109375
0 0.53828125 0.7265625 0.0515625 0.08984375
0 0.59375 0.88359375 0.067578125 0.06796875
0 0.32421875 0.45859375 0.0421875 0.0734375
0 0.403125 0.5609375 0.0578125 0.0578125