0 0.3703125 0.85703125 0.10546875 0.105078125
0 0.39921875 0.79765625 0.054296875 0.114453125
0 0.4265625 0.73984375 0.05390625 0.1015625
0 0.390625 0.7140625 0.044140625 0.106640625
0 0.5015625 0.9515625 0.041015625 0.081640625
0 0.3609375 0.4421875 0.04375 0.044140625
0 0.05546875 0.396875 0.055078125 0.0546875
0 0.1171875 0.42109375 0.03984375 0.059375
0 0.165625 0.40390625 0.045703125 0.0453125
0 0.15546875 0.40859375 0.0390625 0.0390625
0 0.18359375 0.41640625 0.040234375 0.03984375
0 0.13828125 0.72109375 0.091796875 0.13125