0 0.3703125 0.14296875 0.10546875 0.105078125
0 0.39921875 0.20234375 0.054296875 0.114453125
0 0.4265625 0.26015625 0.05390625 0.1015625
0 0.390625 0.2859375 0.075390625 0.075390625
0 0.5015625 0.0484375 0.061328125 0.061328125
0 0.3609375 0.5578125 0.04375 0.044140625
0 0.05546875 0.603125 0.055078125 0.0546875
0 0.1171875 0.57890625 0.04921875 0.05
0 0.165625 0.59609375 0.045703125 0.0453125
0 0.15546875 0.59140625 0.0390625 0.0390625
0 0.18359375 0.58359375 0.033203125 0.046875
0 0.13828125 0.27890625 0.091796875 0.13125