0 0.71171875 0.971875 0.029296875 0.055859375
0 0.67421875 0.91875 0.0484375 0.048828125
0 0.64140625 0.7671875 0.048046875 0.09609375
0 0.64765625 0.878125 0.030078125 0.06328125
0 0.62265625 0.91015625 0.0515625 0.0515625
0 0.5515625 0.95859375 0.03515625 0.063671875
0 0.5484375 0.8078125 0.061328125 0.06015625
0 0.46796875 0.875 0.040625 0.06328125
0 0.390625 0.76171875 0.058984375 0.058203125
0 0.4734375 0.63359375 0.065625 0.13125
0 0.51015625 0.14921875 0.0265625 0.048828125
0 0.53828125 0.25 0.04453125 0.044921875
0 0.6890625 0.45 0.0546875 0.0546875
0 0.6609375 0.40078125 0.04453125 0.04375
0 0.55859375 0.52109375 0.0796875 0.119921875
0 0.5265625 0.4796875 0.081640625 0.080859375
0 0.5109375 0.57109375 0.0828125 0.08359375
0 0.31640625 0.2640625 0.03125 0.055859375
0 0.27265625 0.25625 0.033203125 0.058984375
0 0.4140625 0.27734375 0.048046875 0.047265625
0 0.38203125 0.2625 0.028125 0.050390625
0 0.365625 0.253125 0.025 0.06328125
0 0.30078125 0.5171875 0.070703125 0.071484375
0 0.17890625 0.559375 0.094921875 0.09375
0 0.14453125 0.56484375 0.040625 0.096875
0 0.54921875 0.85 0.0296875 0.059375
0 0.515625 0.80234375 0.046875 0.04609375