0 0.28828125 0.971875 0.029296875 0.055859375
0 0.32578125 0.91875 0.0484375 0.048828125
0 0.35859375 0.7671875 0.072265625 0.071875
0 0.35234375 0.878125 0.030078125 0.06328125
0 0.37734375 0.91015625 0.034375 0.06875
0 0.4484375 0.95859375 0.05 0.048828125
0 0.4515625 0.8078125 0.044140625 0.07734375
0 0.53203125 0.875 0.0515625 0.05234375
0 0.609375 0.76171875 0.058984375 0.058203125
0 0.5265625 0.63359375 0.0984375 0.0984375
0 0.48984375 0.14921875 0.0265625 0.048828125
0 0.46171875 0.25 0.04453125 0.044921875
0 0.3109375 0.45 0.040625 0.06875
0 0.3390625 0.40078125 0.03515625 0.053125
0 0.44140625 0.52109375 0.0796875 0.119921875
0 0.4734375 0.4796875 0.056640625 0.105859375
0 0.4890625 0.57109375 0.05859375 0.1078125
0 0.68359375 0.2640625 0.03125 0.055859375
0 0.72734375 0.25625 0.046484375 0.045703125
0 0.5859375 0.27734375 0.048046875 0.047265625
0 0.61796875 0.2625 0.028125 0.050390625
0 0.634375 0.253125 0.04375 0.04453125
0 0.69921875 0.5171875 0.070703125 0.071484375
0 0.82109375 0.559375 0.094921875 0.09375
0 0.85546875 0.56484375 0.06875 0.06875
0 0.45078125 0.85 0.04453125 0.04453125
0 0.484375 0.80234375 0.02578125 0.0671875