0 0.27734375 0.1359375 0.078515625 0.078515625
0 0.27578125 0.05234375 0.040625 0.0671875
0 0.384375 0.38828125 0.080859375 0.080859375
0 0.42265625 0.3265625 0.054296875 0.119140625
0 0.45546875 0.27734375 0.10546875 0.105078125
0 0.74453125 0.346875 0.0484375 0.115234375
0 0.77578125 0.3421875 0.044921875 0.083984375
0 0.6328125 0.3984375 0.064453125 0.0640625
0 0.69453125 0.49296875 0.026171875 0.0515625
0 0.66484375 0.66875 0.046875 0.04609375
0 0.434375 0.79453125 0.03046875 0.048828125
0 0.40703125 0.70078125 0.029296875 0.0484375
0 0.53125 0.66171875 0.03046875 0.0671875
0 0.56171875 0.67578125 0.03984375 0.040234375
0 0.41015625 0.42890625 0.091015625 0.091015625
0 0.49140625 0.40859375 0.04140625 0.04140625
0 0.54609375 0.175 0.05703125 0.056640625
0 0.4609375 0.19453125 0.061328125 0.062109375
0 0.4015625 0.06328125 0.051953125 0.0515625
0 0.3734375 0.26796875 0.04765625 0.048046875
0 0.24765625 0.0203125 0.030859375 0.030078125
0 0.2703125 0.01875 0.033984375 0.034375
0 0.46875 0.04765625 0.05625 0.05546875
0 0.41953125 0.13984375 0.025 0.051171875