0 0.0625 0.0546875 0.062109375 0.108984375
0 0.20859375 0.109375 0.034375 0.071875
0 0.25390625 0.03125 0.0578125 0.0578125
0 0.3078125 0.028125 0.059375 0.05625
0 0.1953125 0.1390625 0.03359375 0.069140625
0 0.209375 0.171875 0.053515625 0.053125
0 0.2484375 0.20234375 0.05 0.049609375
0 0.28046875 0.13203125 0.053125 0.053125
0 0.28359375 0.26015625 0.03125 0.053125
0 0.303125 0.3921875 0.072265625 0.071875
0 0.3078125 0.3015625 0.0484375 0.048828125
0 0.46953125 0.18671875 0.0375 0.06875
0 0.47578125 0.53515625 0.11171875 0.11171875
0 0.43828125 0.590625 0.063671875 0.13125
0 0.4109375 0.96640625 0.034375 0.0609375
0 0.6984375 0.946875 0.03359375 0.066015625
0 0.54765625 0.9328125 0.033203125 0.07734375
0 0.659375 0.6546875 0.066015625 0.065234375
0 0.77421875 0.6109375 0.059375 0.112890625
0 0.425 0.68984375 0.04921875 0.1171875
0 0.5609375 0.415625 0.05 0.05
0 0.396875 0.653125 0.068359375 0.102734375
0 0.3921875 0.496875 0.042578125 0.041796875
0 0.40546875 0.48125 0.03515625 0.034765625
0 0.4796875 0.4328125 0.055078125 0.054296875
0 0.43984375 0.38515625 0.04765625 0.048046875
0 0.48671875 0.3046875 0.04375 0.069140625
0 0.33203125 0.27265625 0.0484375 0.048046875
0 0.6015625 0.08046875 0.04375 0.071875