0 0.9375 0.9453125 0.085546875 0.085546875
0 0.79140625 0.890625 0.053125 0.053125
0 0.74609375 0.96875 0.0578125 0.0578125
0 0.6921875 0.971875 0.059375 0.05625
0 0.8046875 0.8609375 0.05078125 0.051953125
0 0.790625 0.828125 0.053515625 0.053125
0 0.7515625 0.79765625 0.05 0.049609375
0 0.71953125 0.86796875 0.053125 0.053125
0 0.71640625 0.73984375 0.0421875 0.0421875
0 0.696875 0.6078125 0.047265625 0.096875
0 0.6921875 0.6984375 0.0484375 0.048828125
0 0.53046875 0.81328125 0.053125 0.053125
0 0.52421875 0.46484375 0.11171875 0.11171875
0 0.56171875 0.409375 0.063671875 0.13125
0 0.5890625 0.03359375 0.04765625 0.04765625
0 0.3015625 0.053125 0.04921875 0.050390625
0 0.45234375 0.0671875 0.055859375 0.0546875
0 0.340625 0.3453125 0.066015625 0.065234375
0 0.22578125 0.3890625 0.059375 0.112890625
0 0.575 0.31015625 0.04921875 0.1171875
0 0.4390625 0.584375 0.05 0.05
0 0.603125 0.346875 0.085546875 0.085546875
0 0.6078125 0.503125 0.042578125 0.041796875
0 0.59453125 0.51875 0.03515625 0.034765625
0 0.5203125 0.5671875 0.055078125 0.054296875
0 0.56015625 0.61484375 0.04765625 0.048046875
0 0.51328125 0.6953125 0.05625 0.056640625
0 0.66796875 0.72734375 0.0296875 0.066796875
0 0.3984375 0.91953125 0.0578125 0.0578125