0 0.72265625 0.8640625 0.078515625 0.078515625
0 0.72421875 0.94765625 0.05390625 0.05390625
0 0.615625 0.61171875 0.080859375 0.080859375
0 0.57734375 0.6734375 0.054296875 0.119140625
0 0.54453125 0.72265625 0.06875 0.141796875
0 0.25546875 0.653125 0.08203125 0.081640625
0 0.22421875 0.6578125 0.064453125 0.064453125
0 0.3671875 0.6015625 0.041015625 0.0875
0 0.30546875 0.50703125 0.038671875 0.0390625
0 0.33515625 0.33125 0.03125 0.06171875
0 0.565625 0.20546875 0.03046875 0.048828125
0 0.59296875 0.29921875 0.038671875 0.0390625
0 0.46875 0.33828125 0.03046875 0.0671875
0 0.43828125 0.32421875 0.03984375 0.040234375
0 0.58984375 0.57109375 0.091015625 0.091015625
0 0.50859375 0.59140625 0.04140625 0.04140625
0 0.45390625 0.825 0.05703125 0.056640625
0 0.5390625 0.80546875 0.061328125 0.062109375
0 0.5984375 0.93671875 0.051953125 0.0515625
0 0.6265625 0.73203125 0.03125 0.064453125
0 0.75234375 0.9796875 0.030859375 0.030078125
0 0.7296875 0.98125 0.030859375 0.0375
0 0.53125 0.95234375 0.04453125 0.0671875
0 0.58046875 0.86015625 0.03828125 0.037890625