0 0.72265625 0.1359375 0.054296875 0.102734375
0 0.72421875 0.05234375 0.05390625 0.05390625
0 0.615625 0.38828125 0.080859375 0.080859375
0 0.57734375 0.3265625 0.086328125 0.087109375
0 0.54453125 0.27734375 0.10546875 0.105078125
0 0.25546875 0.346875 0.08203125 0.081640625
0 0.22421875 0.3421875 0.064453125 0.064453125
0 0.3671875 0.3984375 0.064453125 0.0640625
0 0.30546875 0.49296875 0.038671875 0.0390625
0 0.33515625 0.66875 0.046875 0.04609375
0 0.565625 0.79453125 0.0390625 0.040234375
0 0.59296875 0.70078125 0.029296875 0.0484375
0 0.46875 0.66171875 0.03046875 0.0671875
0 0.43828125 0.67578125 0.03984375 0.040234375
0 0.58984375 0.42890625 0.091015625 0.091015625
0 0.50859375 0.40859375 0.04140625 0.04140625
0 0.45390625 0.175 0.05703125 0.056640625
0 0.5390625 0.19453125 0.037109375 0.086328125
0 0.5984375 0.06328125 0.051953125 0.0515625
0 0.6265625 0.26796875 0.03125 0.064453125
0 0.75234375 0.0203125 0.030859375 0.030078125
0 0.7296875 0.01875 0.033984375 0.034375
0 0.53125 0.04765625 0.05625 0.05546875
0 0.58046875 0.13984375 0.03828125 0.037890625