0 0.71171875 0.028125 0.042578125 0.042578125
0 0.67421875 0.08125 0.0484375 0.048828125
0 0.64140625 0.2328125 0.072265625 0.071875
0 0.64765625 0.121875 0.046484375 0.046875
0 0.62265625 0.08984375 0.0515625 0.0515625
0 0.5515625 0.04140625 0.05 0.048828125
0 0.5484375 0.1921875 0.044140625 0.07734375
0 0.46796875 0.125 0.0515625 0.05234375
0 0.390625 0.23828125 0.034765625 0.082421875
0 0.4734375 0.36640625 0.065625 0.13125
0 0.51015625 0.85078125 0.0375 0.037890625
0 0.53828125 0.75 0.04453125 0.044921875
0 0.6890625 0.55 0.0546875 0.0546875
0 0.6609375 0.59921875 0.03515625 0.053125
0 0.55859375 0.47890625 0.1 0.099609375
0 0.5265625 0.5203125 0.056640625 0.105859375
0 0.5109375 0.42890625 0.05859375 0.1078125
0 0.31640625 0.7359375 0.03125 0.055859375
0 0.27265625 0.74375 0.046484375 0.045703125
0 0.4140625 0.72265625 0.048046875 0.047265625
0 0.38203125 0.7375 0.0390625 0.039453125
0 0.365625 0.746875 0.04375 0.04453125
0 0.30078125 0.4828125 0.070703125 0.071484375
0 0.17890625 0.440625 0.094921875 0.09375
0 0.14453125 0.43515625 0.06875 0.06875
0 0.54921875 0.15 0.04453125 0.04453125
0 0.515625 0.19765625 0.02578125 0.0671875