0 0.31328125 0.6984375 0.057421875 0.056640625
0 0.346875 0.6453125 0.03125 0.05625
0 0.50234375 0.40234375 0.025 0.045703125
0 0.471875 0.48046875 0.03046875 0.051171875
0 0.59765625 0.51875 0.045703125 0.04609375
0 0.69296875 0.5203125 0.0375 0.037109375
0 0.7375 0.51484375 0.04140625 0.04140625
0 0.78046875 0.69375 0.0328125 0.056640625
0 0.8609375 0.8859375 0.058984375 0.128125
0 0.8953125 0.8859375 0.049609375 0.1
0 0.72421875 0.821875 0.0484375 0.08828125
0 0.4453125 0.82265625 0.05859375 0.105078125
0 0.4703125 0.85625 0.08984375 0.090234375
0 0.49921875 0.796875 0.1046875 0.1046875
0 0.50859375 0.92265625 0.0765625 0.117578125
0 0.546875 0.96171875 0.078125 0.0765625