0 0.66328125 0.903125 0.087890625 0.08828125
0 0.7 0.51484375 0.05703125 0.0578125
0 0.66875 0.45234375 0.03125 0.070703125
0 0.5390625 0.29765625 0.049609375 0.049609375
0 0.50703125 0.19765625 0.0421875 0.0421875
0 0.40625 0.32421875 0.028125 0.0640625
0 0.37265625 0.30703125 0.04140625 0.041796875
0 0.353125 0.2984375 0.04765625 0.04765625
0 0.57890625 0.59921875 0.084375 0.084765625
0 0.54765625 0.62734375 0.065625 0.128125
0 0.52421875 0.575 0.0578125 0.125
0 0.50546875 0.69375 0.101953125 0.101953125
0 0.46484375 0.76796875 0.1109375 0.1109375
0 0.38125 0.85625 0.06328125 0.063671875
0 0.51484375 0.884375 0.048828125 0.048828125
0 0.27109375 0.60546875 0.066015625 0.06640625
0 0.21484375 0.5109375 0.049609375 0.049609375
0 0.1375 0.66171875 0.06796875 0.126953125
0 0.0953125 0.675 0.041015625 0.1