0 0.68671875 0.6984375 0.057421875 0.056640625
0 0.653125 0.6453125 0.04375 0.04375
0 0.49765625 0.40234375 0.025 0.045703125
0 0.528125 0.48046875 0.03046875 0.051171875
0 0.40234375 0.51875 0.045703125 0.04609375
0 0.30703125 0.5203125 0.0375 0.037109375
0 0.2625 0.51484375 0.03125 0.0515625
0 0.21953125 0.69375 0.04453125 0.044921875
0 0.1390625 0.8859375 0.058984375 0.128125
0 0.1046875 0.8859375 0.074609375 0.075
0 0.27578125 0.821875 0.0484375 0.08828125
0 0.5546875 0.82265625 0.08125 0.082421875
0 0.5296875 0.85625 0.08984375 0.090234375
0 0.50078125 0.796875 0.1046875 0.1046875
0 0.49140625 0.92265625 0.0765625 0.117578125
0 0.453125 0.96171875 0.078125 0.0765625