0 0.33671875 0.903125 0.060546875 0.115625
0 0.3 0.51484375 0.04296875 0.071875
0 0.33125 0.45234375 0.03125 0.070703125
0 0.4609375 0.29765625 0.049609375 0.049609375
0 0.49296875 0.19765625 0.0421875 0.0421875
0 0.59375 0.32421875 0.04609375 0.04609375
0 0.62734375 0.30703125 0.04140625 0.041796875
0 0.646875 0.2984375 0.03046875 0.06484375
0 0.42109375 0.59921875 0.084375 0.084765625
0 0.45234375 0.62734375 0.096875 0.096875
0 0.47578125 0.575 0.09140625 0.09140625
0 0.49453125 0.69375 0.101953125 0.101953125
0 0.53515625 0.76796875 0.078125 0.14375
0 0.61875 0.85625 0.03671875 0.090234375
0 0.48515625 0.884375 0.048828125 0.048828125
0 0.72890625 0.60546875 0.066015625 0.06640625
0 0.78515625 0.5109375 0.049609375 0.049609375
0 0.8625 0.66171875 0.06796875 0.126953125
0 0.9046875 0.675 0.070703125 0.0703125