0 0.31328125 0.3015625 0.057421875 0.056640625
0 0.346875 0.3546875 0.04375 0.04375
0 0.50234375 0.59765625 0.025 0.045703125
0 0.471875 0.51953125 0.040625 0.041015625
0 0.59765625 0.48125 0.032421875 0.059375
0 0.69296875 0.4796875 0.0375 0.037109375
0 0.7375 0.48515625 0.04140625 0.04140625
0 0.78046875 0.30625 0.04453125 0.044921875
0 0.8609375 0.1140625 0.093359375 0.09375
0 0.8953125 0.1140625 0.074609375 0.075
0 0.72421875 0.178125 0.06796875 0.06875
0 0.4453125 0.17734375 0.05859375 0.105078125
0 0.4703125 0.14375 0.05859375 0.121484375
0 0.49921875 0.203125 0.1046875 0.1046875
0 0.50859375 0.07734375 0.096875 0.097265625
0 0.546875 0.03828125 0.078125 0.0765625