0 0.77734375 0.7078125 0.092578125 0.17890625
0 0.81015625 0.6515625 0.130078125 0.1296875
0 0.7984375 0.3828125 0.059765625 0.1125
0 0.74765625 0.13046875 0.13828125 0.137890625
0 0.59609375 0.07734375 0.1609375 0.1546875
0 0.534375 0.22578125 0.052734375 0.052734375
0 0.59921875 0.30390625 0.049609375 0.049609375
0 0.5578125 0.384375 0.051953125 0.0515625
0 0.58984375 0.75390625 0.035546875 0.075
0 0.25625 0.7859375 0.06796875 0.112890625
0 0.15078125 0.68359375 0.099609375 0.100390625
0 0.11640625 0.765625 0.076953125 0.11796875
0 0.140625 0.246875 0.101171875 0.10234375
0 0.31953125 0.14921875 0.0578125 0.1375
0 0.37265625 0.2359375 0.071875 0.071875
0 0.39375 0.28359375 0.041015625 0.070703125
0 0.34453125 0.3625 0.076171875 0.075
0 0.30546875 0.35546875 0.060546875 0.109375
0 0.3484375 0.4671875 0.058984375 0.059375
0 0.4234375 0.37578125 0.0515625 0.052734375
0 0.54609375 0.2640625 0.028125 0.06484375
0 0.5 0.27421875 0.059375 0.059375
0 0.4765625 0.278125 0.041015625 0.075
0 0.4765625 0.590625 0.062109375 0.0625
0 0.48671875 0.4953125 0.0390625 0.078515625
0 0.49921875 0.5328125 0.0390625 0.07265625
0 0.4484375 0.60625 0.044140625 0.087109375
0 0.40234375 0.60546875 0.040625 0.079296875
0 0.40625 0.54921875 0.03671875 0.063671875
0 0.41015625 0.79375 0.044921875 0.097265625
0 0.53203125 0.66328125 0.044921875 0.04453125
0 0.49375 0.66875 0.0453125 0.044921875
0 0.4734375 0.69765625 0.028515625 0.055078125
0 0.4953125 0.72265625 0.03125 0.0671875
0 0.47265625 0.7453125 0.035546875 0.058984375
0 0.46796875 0.81171875 0.053125 0.053125
0 0.5015625 0.78828125 0.046484375 0.046484375