0 0.22265625 0.7078125 0.135546875 0.1359375
0 0.18984375 0.6515625 0.094921875 0.16484375
0 0.2015625 0.3828125 0.086328125 0.0859375
0 0.25234375 0.13046875 0.13828125 0.137890625
0 0.40390625 0.07734375 0.1609375 0.1546875
0 0.465625 0.22578125 0.034765625 0.070703125
0 0.40078125 0.30390625 0.049609375 0.049609375
0 0.4421875 0.384375 0.028515625 0.075
0 0.41015625 0.75390625 0.055078125 0.05546875
0 0.74375 0.7859375 0.08984375 0.091015625
0 0.84921875 0.68359375 0.099609375 0.100390625
0 0.88359375 0.765625 0.098046875 0.096875
0 0.859375 0.246875 0.065234375 0.13828125
0 0.68046875 0.14921875 0.09765625 0.09765625
0 0.62734375 0.2359375 0.040625 0.103125
0 0.60625 0.28359375 0.055859375 0.055859375
0 0.65546875 0.3625 0.058203125 0.09296875
0 0.69453125 0.35546875 0.084765625 0.08515625
0 0.6515625 0.4671875 0.058984375 0.059375
0 0.5765625 0.37578125 0.0515625 0.052734375
0 0.45390625 0.2640625 0.046875 0.04609375
0 0.5 0.27421875 0.059375 0.059375
0 0.5234375 0.278125 0.041015625 0.075
0 0.5234375 0.590625 0.062109375 0.0625
0 0.51328125 0.4953125 0.05859375 0.058984375
0 0.50078125 0.5328125 0.05546875 0.05625
0 0.5515625 0.60625 0.066015625 0.065234375
0 0.59765625 0.60546875 0.040625 0.079296875
0 0.59375 0.54921875 0.05 0.050390625
0 0.58984375 0.79375 0.070703125 0.071484375
0 0.46796875 0.66328125 0.044921875 0.04453125
0 0.50625 0.66875 0.0453125 0.044921875
0 0.5265625 0.69765625 0.041796875 0.041796875
0 0.5046875 0.72265625 0.04921875 0.04921875
0 0.52734375 0.7453125 0.047265625 0.047265625
0 0.53203125 0.81171875 0.034375 0.071875
0 0.4984375 0.78828125 0.034765625 0.058203125