0 0.4703125 0.62734375 0.128125 0.241796875
0 0.4265625 0.75390625 0.191796875 0.1921875
0 0.3796875 0.86328125 0.1765625 0.176953125
0 0.440625 0.8953125 0.16328125 0.16484375
0 0.2859375 0.49921875 0.114453125 0.1140625
0 0.1828125 0.26015625 0.085546875 0.084765625
0 0.21640625 0.053125 0.093359375 0.09296875
0 0.48984375 0.22265625 0.042578125 0.0734375
0 0.62109375 0.38046875 0.0515625 0.085546875
0 0.65 0.39609375 0.069921875 0.06953125
0 0.62265625 0.5640625 0.07890625 0.078515625
0 0.87890625 0.846875 0.059375 0.13046875
0 0.96015625 0.89453125 0.0765625 0.1609375
0 0.7703125 0.5265625 0.05390625 0.112109375
0 0.87109375 0.071875 0.099609375 0.098828125
0 0.8265625 0.13125 0.101953125 0.101953125
0 0.540625 0.128125 0.0703125 0.0703125
0 0.51015625 0.14140625 0.063671875 0.064453125
0 0.56171875 0.44296875 0.039453125 0.0734375
0 0.540625 0.69140625 0.060546875 0.060546875
0 0.54296875 0.35625 0.055859375 0.055859375