0 0.66796875 0.25234375 0.230859375 0.23046875
0 0.8171875 0.046875 0.083203125 0.0828125
0 0.81171875 0.26796875 0.076171875 0.14375
0 0.87109375 0.059375 0.083984375 0.0828125
0 0.946875 0.121875 0.08671875 0.087109375
0 0.6171875 0.41328125 0.226953125 0.22734375
0 0.69609375 0.4328125 0.069140625 0.069921875
0 0.7609375 0.45 0.06484375 0.11953125
0 0.634375 0.64140625 0.190625 0.190234375
0 0.7046875 0.63515625 0.055859375 0.055859375
0 0.5140625 0.73203125 0.046875 0.096875
0 0.5578125 0.5703125 0.176171875 0.176953125
0 0.4359375 0.2 0.1171875 0.11796875
0 0.3203125 0.03984375 0.0671875 0.0671875