0 0.5296875 0.62734375 0.18515625 0.184765625
0 0.5734375 0.75390625 0.130859375 0.253125
0 0.6203125 0.86328125 0.1765625 0.176953125
0 0.559375 0.8953125 0.16328125 0.16484375
0 0.7140625 0.49921875 0.087890625 0.140625
0 0.8171875 0.26015625 0.085546875 0.084765625
0 0.78359375 0.053125 0.093359375 0.09296875
0 0.51015625 0.22265625 0.058203125 0.0578125
0 0.37890625 0.38046875 0.06875 0.068359375
0 0.35 0.39609375 0.050390625 0.0890625
0 0.37734375 0.5640625 0.07890625 0.078515625
0 0.12109375 0.846875 0.059375 0.13046875
0 0.05 0.89375 0.1 0.11875
0 0.2296875 0.5265625 0.05390625 0.112109375
0 0.12890625 0.071875 0.064453125 0.133984375
0 0.1734375 0.13125 0.101953125 0.101953125
0 0.459375 0.128125 0.04375 0.096875
0 0.48984375 0.14140625 0.044921875 0.083203125
0 0.43828125 0.44296875 0.056640625 0.05625
0 0.459375 0.69140625 0.060546875 0.060546875
0 0.45703125 0.35625 0.055859375 0.055859375