0 0.33203125 0.25234375 0.167578125 0.29375
0 0.1828125 0.046875 0.083203125 0.0828125
0 0.18828125 0.26796875 0.109765625 0.11015625
0 0.12890625 0.059375 0.083984375 0.0828125
0 0.053125 0.121875 0.08671875 0.087109375
0 0.3828125 0.41328125 0.168359375 0.2859375
0 0.30390625 0.4328125 0.069140625 0.069921875
0 0.2390625 0.45 0.09140625 0.09296875
0 0.365625 0.64140625 0.12578125 0.255078125
0 0.2953125 0.63515625 0.037890625 0.073828125
0 0.4859375 0.73203125 0.046875 0.096875
0 0.4421875 0.5703125 0.176171875 0.176953125
0 0.5640625 0.2 0.1171875 0.11796875
0 0.6796875 0.03984375 0.059375 0.075