0 0.5296875 0.37265625 0.128125 0.241796875
0 0.5734375 0.24609375 0.130859375 0.253125
0 0.6203125 0.13671875 0.12109375 0.232421875
0 0.559375 0.1046875 0.13671875 0.19140625
0 0.7140625 0.50078125 0.087890625 0.140625
0 0.8171875 0.73984375 0.085546875 0.084765625
0 0.78359375 0.946875 0.080078125 0.10625
0 0.51015625 0.77734375 0.058203125 0.0578125
0 0.37890625 0.61953125 0.06875 0.068359375
0 0.35 0.60390625 0.069921875 0.06953125
0 0.37734375 0.4359375 0.07890625 0.078515625
0 0.12109375 0.153125 0.0953125 0.09453125
0 0.03984375 0.10546875 0.0765625 0.1609375
0 0.2296875 0.4734375 0.05390625 0.112109375
0 0.12890625 0.928125 0.099609375 0.098828125
0 0.1734375 0.86875 0.101953125 0.101953125
0 0.459375 0.871875 0.0703125 0.0703125
0 0.48984375 0.85859375 0.063671875 0.064453125
0 0.43828125 0.55703125 0.039453125 0.0734375
0 0.459375 0.30859375 0.034765625 0.086328125
0 0.45703125 0.64375 0.055859375 0.055859375