0 0.66796875 0.25234375 0.230859375 0.23046875
0 0.8171875 0.046875 0.072265625 0.09375
0 0.81171875 0.26796875 0.109765625 0.11015625
0 0.87109375 0.059375 0.061328125 0.10546875
0 0.946875 0.121875 0.08671875 0.087109375
0 0.6171875 0.41328125 0.226953125 0.22734375
0 0.69609375 0.4328125 0.069140625 0.069921875
0 0.7609375 0.45 0.06484375 0.11953125
0 0.634375 0.64140625 0.190625 0.190234375
0 0.7046875 0.63515625 0.037890625 0.073828125
0 0.5140625 0.73203125 0.071875 0.071875
0 0.5578125 0.5703125 0.127734375 0.225390625
0 0.4359375 0.2 0.078125 0.15703125
0 0.3203125 0.03984375 0.059375 0.075