0 0.4640625 0.765625 0.08984375 0.090625
0 0.34375 0.628125 0.06875 0.068359375
0 0.6453125 0.6515625 0.04765625 0.046875
0 0.56796875 0.2171875 0.087109375 0.08671875
0 0.7125 0.3609375 0.06328125 0.06484375
0 0.90859375 0.2359375 0.081640625 0.081640625
0 0.8765625 0.23828125 0.084375 0.083984375
0 0.8625 0.2625 0.043359375 0.0875
0 0.7828125 0.82578125 0.06328125 0.063671875
0 0.58125 0.93203125 0.041015625 0.0953125
0 0.54921875 0.83203125 0.0765625 0.0765625
0 0.69765625 0.67578125 0.03125 0.0671875
0 0.8609375 0.353125 0.03125 0.071484375