0 0.5359375 0.765625 0.08984375 0.090625
0 0.65625 0.628125 0.046875 0.090234375
0 0.3546875 0.6515625 0.04765625 0.046875
0 0.43203125 0.2171875 0.058203125 0.115625
0 0.2875 0.3609375 0.06328125 0.06484375
0 0.09140625 0.2359375 0.081640625 0.081640625
0 0.1234375 0.23828125 0.084375 0.083984375
0 0.1375 0.2625 0.065234375 0.065625
0 0.2171875 0.82578125 0.06328125 0.063671875
0 0.41875 0.93203125 0.068359375 0.06796875
0 0.45078125 0.83203125 0.0765625 0.0765625
0 0.30234375 0.67578125 0.03125 0.0671875
0 0.1390625 0.353125 0.0515625 0.051171875