0 0.58515625 0.37265625 0.04375 0.089453125
0 0.93203125 0.9515625 0.0984375 0.096484375
0 0.90234375 0.9625 0.0890625 0.075
0 0.7984375 0.93984375 0.091015625 0.119921875
0 0.63359375 0.8 0.0390625 0.062890625
0 0.5640625 0.665625 0.0484375 0.0484375
0 0.515625 0.64375 0.04453125 0.043359375
0 0.3390625 0.75 0.085546875 0.085546875
0 0.19140625 0.61484375 0.069921875 0.070703125
0 0.23203125 0.540625 0.05546875 0.055078125
0 0.46171875 0.20078125 0.08671875 0.086328125
0 0.7234375 0.28046875 0.041015625 0.094921875
0 0.74765625 0.28828125 0.066796875 0.067578125
0 0.421875 0.82578125 0.03671875 0.092578125
0 0.44296875 0.9203125 0.064453125 0.064453125
0 0.59140625 0.978125 0.0453125 0.04375
0 0.2921875 0.76171875 0.03828125 0.037890625