0 0.58515625 0.62734375 0.06640625 0.066796875
0 0.9328125 0.0484375 0.096875 0.096875
0 0.90234375 0.0375 0.0890625 0.075
0 0.7984375 0.06015625 0.105859375 0.105078125
0 0.63359375 0.2 0.0390625 0.062890625
0 0.5640625 0.334375 0.0484375 0.0484375
0 0.515625 0.35625 0.04453125 0.043359375
0 0.3390625 0.25 0.085546875 0.085546875
0 0.19140625 0.38515625 0.069921875 0.070703125
0 0.23203125 0.459375 0.05546875 0.055078125
0 0.46171875 0.79921875 0.08671875 0.086328125
0 0.7234375 0.71953125 0.041015625 0.094921875
0 0.74765625 0.71171875 0.041796875 0.092578125
0 0.421875 0.17421875 0.0640625 0.065234375
0 0.44296875 0.0796875 0.064453125 0.064453125
0 0.5921875 0.021875 0.04375 0.04375
0 0.2921875 0.23828125 0.025 0.051171875