0 0.41484375 0.37265625 0.06640625 0.066796875
0 0.0671875 0.9515625 0.096875 0.096875
0 0.09765625 0.9625 0.0890625 0.075
0 0.2015625 0.93984375 0.105859375 0.105078125
0 0.36640625 0.8 0.05078125 0.051171875
0 0.4359375 0.665625 0.025 0.071875
0 0.484375 0.64375 0.04453125 0.043359375
0 0.6609375 0.75 0.085546875 0.085546875
0 0.80859375 0.61484375 0.069921875 0.070703125
0 0.76796875 0.540625 0.05546875 0.055078125
0 0.53828125 0.20078125 0.0625 0.110546875
0 0.2765625 0.28046875 0.041015625 0.094921875
0 0.25234375 0.28828125 0.066796875 0.067578125
0 0.578125 0.82578125 0.03671875 0.092578125
0 0.55703125 0.9203125 0.064453125 0.064453125
0 0.4078125 0.978125 0.04375 0.04375
0 0.7078125 0.76171875 0.03828125 0.037890625