0 0.375 0.3765625 0.14921875 0.255859375
0 0.30234375 0.690625 0.096875 0.096875
0 0.40859375 0.95234375 0.06875 0.06875
0 0.57578125 0.8859375 0.0828125 0.08359375
0 0.615625 0.86875 0.073046875 0.073828125
0 0.63203125 0.58359375 0.114453125 0.11484375
0 0.6703125 0.53671875 0.068359375 0.06796875
0 0.54609375 0.5328125 0.05859375 0.058984375
0 0.58515625 0.16171875 0.074609375 0.075390625
0 0.53125 0.175 0.06953125 0.10703125
0 0.49453125 0.17109375 0.0484375 0.092578125
0 0.46171875 0.14375 0.08046875 0.080078125
0 0.15390625 0.109375 0.153125 0.153125
0 0.103125 0.0578125 0.112109375 0.1125
0 0.240625 0.46484375 0.26015625 0.260546875