0 0.375 0.6234375 0.14921875 0.255859375
0 0.30234375 0.309375 0.096875 0.096875
0 0.40859375 0.04765625 0.0484375 0.0890625
0 0.57578125 0.1140625 0.05 0.11640625
0 0.615625 0.13125 0.052734375 0.094140625
0 0.63203125 0.41640625 0.063671875 0.165625
0 0.6703125 0.46328125 0.068359375 0.06796875
0 0.54609375 0.4671875 0.05859375 0.058984375
0 0.58515625 0.83828125 0.074609375 0.075390625
0 0.53125 0.825 0.08828125 0.08828125
0 0.49453125 0.82890625 0.0484375 0.092578125
0 0.46171875 0.85625 0.0578125 0.102734375
0 0.15390625 0.890625 0.153125 0.153125
0 0.103125 0.9421875 0.112109375 0.1125
0 0.240625 0.53515625 0.26015625 0.260546875