0 0.828125 0.42734375 0.08671875 0.086328125
0 0.9578125 0.48359375 0.084375 0.1046875
0 0.57890625 0.821875 0.094140625 0.09453125
0 0.528125 0.70625 0.090625 0.090234375
0 0.58828125 0.32421875 0.076171875 0.076953125
0 0.55703125 0.3421875 0.0640625 0.06328125
0 0.2796875 0.61484375 0.10234375 0.10234375
0 0.20546875 0.67890625 0.13046875 0.13046875
0 0.25 0.29140625 0.06328125 0.1046875
0 0.25703125 0.36640625 0.075390625 0.074609375
0 0.62890625 0.9203125 0.059765625 0.059765625
0 0.728125 0.96796875 0.049609375 0.063671875
0 0.60703125 0.35703125 0.0609375 0.060546875