0 0.828125 0.57265625 0.08671875 0.086328125
0 0.96640625 0.5171875 0.0640625 0.14375
0 0.57890625 0.178125 0.060546875 0.128125
0 0.528125 0.29375 0.053125 0.127734375
0 0.58828125 0.67578125 0.038671875 0.114453125
0 0.55703125 0.6578125 0.0640625 0.06328125
0 0.2796875 0.38515625 0.08125 0.1234375
0 0.20546875 0.32109375 0.0875 0.1734375
0 0.25 0.70859375 0.084375 0.08359375
0 0.25703125 0.63359375 0.075390625 0.074609375
0 0.62890625 0.0796875 0.044921875 0.074609375
0 0.728125 0.03203125 0.049609375 0.063671875
0 0.60703125 0.64296875 0.0359375 0.085546875