0 0.171875 0.42734375 0.059375 0.113671875
0 0.0421875 0.48359375 0.084375 0.1046875
0 0.42109375 0.821875 0.060546875 0.128125
0 0.471875 0.70625 0.090625 0.090234375
0 0.41171875 0.32421875 0.076171875 0.076953125
0 0.44296875 0.3421875 0.0640625 0.06328125
0 0.7203125 0.61484375 0.10234375 0.10234375
0 0.79453125 0.67890625 0.13046875 0.13046875
0 0.75 0.29140625 0.06328125 0.1046875
0 0.74296875 0.36640625 0.075390625 0.074609375
0 0.37109375 0.9203125 0.044921875 0.074609375
0 0.271875 0.96796875 0.056640625 0.056640625
0 0.39296875 0.35703125 0.0609375 0.060546875