0 0.06328125 0.725 0.1265625 0.1375
0 0.10625 0.7015625 0.085546875 0.08671875
0 0.1765625 0.653125 0.05390625 0.094140625
0 0.27890625 0.5765625 0.06171875 0.06171875
0 0.3265625 0.48515625 0.0828125 0.081640625
0 0.378125 0.37421875 0.0921875 0.091015625
0 0.675 0.3328125 0.109375 0.109765625
0 0.6203125 0.28203125 0.09375 0.09453125
0 0.55 0.58515625 0.08828125 0.087890625
0 0.51328125 0.67734375 0.04375 0.070703125
0 0.58671875 0.78828125 0.087890625 0.0875
0 0.60546875 0.8921875 0.086328125 0.087109375
0 0.46015625 0.8640625 0.0390625 0.07890625
0 0.1734375 0.8296875 0.09765625 0.098828125
0 0.51796875 0.79609375 0.033203125 0.063671875
0 0.43984375 0.77578125 0.07578125 0.076171875
0 0.47265625 0.76328125 0.06484375 0.065234375
0 0.5640625 0.66171875 0.046484375 0.070703125
0 0.584375 0.63359375 0.073828125 0.074609375