0 0.93671875 0.275 0.1265625 0.1375
0 0.89375 0.2984375 0.085546875 0.08671875
0 0.8234375 0.346875 0.07421875 0.073828125
0 0.72109375 0.4234375 0.06171875 0.06171875
0 0.6734375 0.51484375 0.0828125 0.081640625
0 0.621875 0.62578125 0.0921875 0.091015625
0 0.325 0.6671875 0.078125 0.141015625
0 0.3796875 0.71796875 0.09375 0.09453125
0 0.45 0.41484375 0.065625 0.110546875
0 0.48671875 0.32265625 0.05703125 0.057421875
0 0.41328125 0.21171875 0.087890625 0.0875
0 0.39453125 0.1078125 0.054296875 0.119140625
0 0.53984375 0.1359375 0.05859375 0.059375
0 0.8265625 0.1703125 0.09765625 0.098828125
0 0.48203125 0.20390625 0.048828125 0.048046875
0 0.56015625 0.22421875 0.07578125 0.076171875
0 0.52734375 0.23671875 0.06484375 0.065234375
0 0.4359375 0.33828125 0.058203125 0.058984375
0 0.415625 0.36640625 0.073828125 0.074609375