0 0.06328125 0.275 0.1265625 0.1375
0 0.10625 0.2984375 0.085546875 0.08671875
0 0.1765625 0.346875 0.05390625 0.094140625
0 0.27890625 0.4234375 0.0421875 0.08125
0 0.3265625 0.51484375 0.05390625 0.110546875
0 0.378125 0.62578125 0.05703125 0.126171875
0 0.675 0.6671875 0.109375 0.109765625
0 0.6203125 0.71796875 0.09375 0.09453125
0 0.55 0.41484375 0.08828125 0.087890625
0 0.51328125 0.32265625 0.05703125 0.057421875
0 0.58671875 0.21171875 0.058203125 0.1171875
0 0.60546875 0.1078125 0.086328125 0.087109375
0 0.46015625 0.1359375 0.05859375 0.059375
0 0.1734375 0.1703125 0.09765625 0.098828125
0 0.51796875 0.20390625 0.048828125 0.048046875
0 0.43984375 0.22421875 0.053125 0.098828125
0 0.47265625 0.23671875 0.06484375 0.065234375
0 0.5640625 0.33828125 0.058203125 0.058984375
0 0.584375 0.36640625 0.046484375 0.101953125