0 0.26796875 0.28125 0.1015625 0.10078125
0 0.31484375 0.14453125 0.101953125 0.10234375
0 0.56953125 0.04296875 0.06953125 0.06953125
0 0.63046875 0.075 0.073046875 0.14375
0 0.5046875 0.36171875 0.059765625 0.1125
0 0.52734375 0.4546875 0.038671875 0.07734375
0 0.55234375 0.43046875 0.063671875 0.064453125
0 0.47421875 0.4796875 0.06015625 0.060546875
0 0.22890625 0.38828125 0.0515625 0.082421875
0 0.12734375 0.48515625 0.06953125 0.06953125
0 0.0640625 0.5390625 0.072265625 0.07109375
0 0.02734375 0.5046875 0.0546875 0.078125
0 0.125 0.6296875 0.106640625 0.106640625
0 0.328125 0.50546875 0.0515625 0.05234375
0 0.37265625 0.46484375 0.065625 0.065625
0 0.4015625 0.5671875 0.070703125 0.06953125
0 0.43671875 0.56796875 0.0421875 0.070703125
0 0.54375 0.55703125 0.09140625 0.091796875
0 0.565625 0.6578125 0.0796875 0.0796875
0 0.94140625 0.62421875 0.114453125 0.171875
0 0.53359375 0.79140625 0.058203125 0.058203125
0 0.496875 0.765625 0.07421875 0.0734375
0 0.46171875 0.615625 0.032421875 0.081640625
0 0.43359375 0.65703125 0.054296875 0.0546875
0 0.35859375 0.74296875 0.085546875 0.0859375
0 0.42578125 0.81953125 0.0390625 0.08125
0 0.4 0.84375 0.059765625 0.058984375
0 0.58515625 0.94140625 0.0453125 0.1171875