0 0.26796875 0.71875 0.1015625 0.10078125
0 0.31484375 0.85546875 0.101953125 0.10234375
0 0.56953125 0.95703125 0.0578125 0.08125
0 0.63046875 0.925 0.108203125 0.10859375
0 0.5046875 0.63828125 0.059765625 0.1125
0 0.52734375 0.5453125 0.058203125 0.0578125
0 0.55234375 0.56953125 0.041796875 0.086328125
0 0.47421875 0.5203125 0.06015625 0.060546875
0 0.22890625 0.61171875 0.0515625 0.082421875
0 0.12734375 0.51484375 0.0515625 0.0875
0 0.0640625 0.4609375 0.053515625 0.08984375
0 0.02734375 0.4953125 0.0546875 0.078125
0 0.125 0.3703125 0.106640625 0.106640625
0 0.328125 0.49453125 0.03671875 0.0671875
0 0.37265625 0.53515625 0.065625 0.065625
0 0.4015625 0.4328125 0.050390625 0.08984375
0 0.43671875 0.43203125 0.0421875 0.070703125
0 0.54375 0.44296875 0.0625 0.120703125
0 0.565625 0.3421875 0.05 0.109375
0 0.934375 0.375 0.13125 0.14375
0 0.53359375 0.20859375 0.058203125 0.058203125
0 0.496875 0.234375 0.07421875 0.0734375
0 0.46171875 0.384375 0.032421875 0.081640625
0 0.43359375 0.34296875 0.054296875 0.0546875
0 0.35859375 0.25703125 0.085546875 0.0859375
0 0.42578125 0.18046875 0.06015625 0.06015625
0 0.4 0.15625 0.059765625 0.058984375
0 0.58515625 0.05859375 0.08125 0.08125