0 0.42890625 0.5109375 0.0515625 0.12265625
0 0.3953125 0.5390625 0.0375 0.093359375
0 0.4796875 0.54765625 0.0515625 0.0515625
0 0.44375 0.30859375 0.061328125 0.061328125
0 0.471875 0.29375 0.041015625 0.08046875
0 0.6078125 0.25859375 0.033984375 0.083203125
0 0.66328125 0.4640625 0.06875 0.068359375
0 0.65078125 0.6546875 0.078125 0.183984375
0 0.58671875 0.6921875 0.102734375 0.10234375
0 0.43828125 0.83671875 0.063671875 0.0640625
0 0.3234375 0.871875 0.07734375 0.076171875
0 0.47734375 0.81796875 0.0546875 0.098046875
0 0.50546875 0.83828125 0.063671875 0.063671875
0 0.5328125 0.86015625 0.063671875 0.0640625
0 0.5765625 0.90703125 0.05625 0.055078125
0 0.7625 0.94765625 0.065625 0.103125
0 0.73984375 0.89609375 0.09296875 0.092578125
0 0.7953125 0.94140625 0.0890625 0.088671875