0 0.42890625 0.4890625 0.08671875 0.0875
0 0.3953125 0.4609375 0.065625 0.065234375
0 0.4796875 0.45234375 0.034375 0.06875
0 0.44375 0.69140625 0.061328125 0.061328125
0 0.471875 0.70625 0.061328125 0.06015625
0 0.6078125 0.74140625 0.058203125 0.058984375
0 0.66328125 0.5359375 0.06875 0.068359375
0 0.65078125 0.3453125 0.13125 0.130859375
0 0.58671875 0.3078125 0.067578125 0.1375
0 0.43828125 0.16328125 0.063671875 0.0640625
0 0.3234375 0.128125 0.07734375 0.076171875
0 0.47734375 0.18203125 0.0765625 0.076171875
0 0.50546875 0.16171875 0.041796875 0.085546875
0 0.5328125 0.13984375 0.040234375 0.0875
0 0.5765625 0.09296875 0.05625 0.055078125
0 0.7625 0.05234375 0.065625 0.103125
0 0.73984375 0.10390625 0.09296875 0.092578125
0 0.7953125 0.05859375 0.06640625 0.111328125