0 0.42890625 0.4890625 0.08671875 0.0875
0 0.3953125 0.4609375 0.0375 0.093359375
0 0.4796875 0.45234375 0.0515625 0.0515625
0 0.44375 0.69140625 0.037109375 0.085546875
0 0.471875 0.70625 0.041015625 0.08046875
0 0.6078125 0.74140625 0.033984375 0.083203125
0 0.66328125 0.5359375 0.06875 0.068359375
0 0.65078125 0.3453125 0.13125 0.130859375
0 0.58671875 0.3078125 0.102734375 0.10234375
0 0.43828125 0.16328125 0.063671875 0.0640625
0 0.3234375 0.128125 0.07734375 0.076171875
0 0.47734375 0.18203125 0.0765625 0.076171875
0 0.50546875 0.16171875 0.041796875 0.085546875
0 0.5328125 0.13984375 0.063671875 0.0640625
0 0.5765625 0.09296875 0.04765625 0.063671875
0 0.7625 0.05234375 0.084375 0.084375
0 0.73984375 0.10390625 0.09296875 0.092578125
0 0.7953125 0.05859375 0.0890625 0.088671875