0 0.5 0.321875 0.037109375 0.07421875
0 0.525 0.3078125 0.055078125 0.0546875
0 0.71328125 0.46953125 0.079296875 0.0796875
0 0.7328125 0.63046875 0.13125 0.13203125
0 0.82421875 0.92265625 0.079296875 0.0796875
0 0.80546875 0.8796875 0.075 0.07421875
0 0.590625 0.85390625 0.065234375 0.065625
0 0.621875 0.91015625 0.051953125 0.052734375
0 0.48515625 0.534375 0.07734375 0.0765625
0 0.45703125 0.546875 0.041796875 0.084375
0 0.5328125 0.55546875 0.034765625 0.0609375
0 0.5390625 0.821875 0.065234375 0.065625
0 0.56484375 0.82890625 0.058984375 0.05859375
0 0.49609375 0.83671875 0.059375 0.058984375
0 0.38203125 0.87265625 0.067578125 0.0671875
0 0.33671875 0.96953125 0.0640625 0.0609375
0 0.6671875 0.67890625 0.107421875 0.10703125