0 0.5 0.678125 0.055859375 0.05546875
0 0.475 0.6921875 0.055078125 0.0546875
0 0.28671875 0.53046875 0.057421875 0.1015625
0 0.2671875 0.36953125 0.08359375 0.1796875
0 0.17578125 0.07734375 0.079296875 0.0796875
0 0.19453125 0.1203125 0.059375 0.08984375
0 0.409375 0.14609375 0.065234375 0.065625
0 0.378125 0.08984375 0.051953125 0.052734375
0 0.51484375 0.465625 0.07734375 0.0765625
0 0.54296875 0.453125 0.041796875 0.084375
0 0.4671875 0.44453125 0.048046875 0.04765625
0 0.4609375 0.178125 0.046484375 0.084375
0 0.43515625 0.17109375 0.042578125 0.075
0 0.50390625 0.16328125 0.0359375 0.082421875
0 0.61796875 0.12734375 0.045703125 0.0890625
0 0.66328125 0.03046875 0.0640625 0.0609375
0 0.3328125 0.32109375 0.075390625 0.1390625