0 0.5 0.678125 0.055859375 0.05546875
0 0.525 0.6921875 0.055078125 0.0546875
0 0.71328125 0.53046875 0.079296875 0.0796875
0 0.7328125 0.36953125 0.13125 0.13203125
0 0.82421875 0.07734375 0.063671875 0.0953125
0 0.80546875 0.1203125 0.059375 0.08984375
0 0.590625 0.14609375 0.065234375 0.065625
0 0.621875 0.08984375 0.051953125 0.052734375
0 0.48515625 0.465625 0.07734375 0.0765625
0 0.45703125 0.453125 0.062890625 0.06328125
0 0.5328125 0.44453125 0.034765625 0.0609375
0 0.5390625 0.178125 0.065234375 0.065625
0 0.56484375 0.17109375 0.042578125 0.075
0 0.49609375 0.16328125 0.059375 0.058984375
0 0.38203125 0.12734375 0.067578125 0.0671875
0 0.33671875 0.03046875 0.0640625 0.0609375
0 0.6671875 0.32109375 0.107421875 0.10703125