0 0.5484375 0.3359375 0.0578125 0.05703125
0 0.5203125 0.32421875 0.037890625 0.0796875
0 0.4 0.29765625 0.04375 0.0875
0 0.34375 0.4953125 0.078125 0.07734375
0 0.340625 0.6703125 0.078125 0.174609375
0 0.403125 0.6984375 0.09921875 0.098046875
0 0.51953125 0.57109375 0.03125 0.06875
0 0.56875 0.54765625 0.05078125 0.0796875
0 0.59453125 0.55390625 0.040625 0.083203125
0 0.52109375 0.8390625 0.06796875 0.0671875
0 0.56171875 0.84609375 0.057421875 0.0578125
0 0.67734375 0.88203125 0.06953125 0.06953125
0 0.49375 0.8484375 0.050390625 0.05
0 0.471875 0.87578125 0.06328125 0.062890625
0 0.43515625 0.92578125 0.047265625 0.047265625
0 0.265625 0.89765625 0.076171875 0.075390625
0 0.22265625 0.93203125 0.078125 0.078125
0 0.25078125 0.9421875 0.08046875 0.080078125