0 0.5484375 0.6640625 0.0375 0.07734375
0 0.5203125 0.67578125 0.058984375 0.05859375
0 0.4 0.70234375 0.065625 0.065625
0 0.34375 0.5046875 0.078125 0.07734375
0 0.340625 0.3296875 0.078125 0.174609375
0 0.403125 0.3015625 0.09921875 0.098046875
0 0.51953125 0.42890625 0.05 0.05
0 0.56875 0.45234375 0.065625 0.06484375
0 0.59453125 0.44609375 0.040625 0.083203125
0 0.52109375 0.1609375 0.0453125 0.08984375
0 0.56171875 0.15390625 0.038671875 0.0765625
0 0.67734375 0.11796875 0.06953125 0.06953125
0 0.49375 0.1515625 0.050390625 0.05
0 0.471875 0.12421875 0.06328125 0.062890625
0 0.43515625 0.07421875 0.047265625 0.047265625
0 0.265625 0.10234375 0.076171875 0.075390625
0 0.22265625 0.06796875 0.078125 0.078125
0 0.25078125 0.0578125 0.08046875 0.080078125