0 0.4515625 0.3359375 0.0578125 0.05703125
0 0.4796875 0.32421875 0.058984375 0.05859375
0 0.6 0.29765625 0.065625 0.065625
0 0.65625 0.4953125 0.046875 0.10859375
0 0.659375 0.6703125 0.1265625 0.126171875
0 0.596875 0.6984375 0.06328125 0.133984375
0 0.48046875 0.57109375 0.03125 0.06875
0 0.43125 0.54765625 0.05078125 0.0796875
0 0.40546875 0.55390625 0.06171875 0.062109375
0 0.47890625 0.8390625 0.06796875 0.0671875
0 0.43828125 0.84609375 0.057421875 0.0578125
0 0.32265625 0.88203125 0.06953125 0.06953125
0 0.50625 0.8484375 0.050390625 0.05
0 0.528125 0.87578125 0.046875 0.079296875
0 0.56484375 0.92578125 0.047265625 0.047265625
0 0.734375 0.89765625 0.076171875 0.075390625
0 0.77734375 0.93203125 0.053125 0.103125
0 0.74921875 0.9421875 0.08046875 0.080078125