0 0.23359375 0.94375 0.1140625 0.1125
0 0.23828125 0.46484375 0.086328125 0.085546875
0 0.109375 0.41640625 0.071875 0.142578125
0 0.521875 0.165625 0.08984375 0.08984375
0 0.46640625 0.0578125 0.08828125 0.087890625
0 0.7921875 0.24140625 0.117578125 0.1171875
0 0.86953125 0.1703125 0.14921875 0.15
0 0.8125 0.5859375 0.091796875 0.0921875
0 0.80703125 0.50703125 0.073828125 0.073828125
0 0.4671875 0.56484375 0.073828125 0.073828125
0 0.490625 0.5515625 0.037890625 0.07734375
0 0.44921875 0.5359375 0.050390625 0.05078125
0 0.4203125 0.5171875 0.0578125 0.0578125