0 0.23359375 0.05625 0.1140625 0.1125
0 0.23828125 0.53515625 0.086328125 0.085546875
0 0.109375 0.58359375 0.10703125 0.107421875
0 0.521875 0.834375 0.08984375 0.08984375
0 0.46640625 0.9421875 0.0640625 0.112109375
0 0.7921875 0.75859375 0.117578125 0.1171875
0 0.86953125 0.8296875 0.1078125 0.19140625
0 0.8125 0.4140625 0.091796875 0.0921875
0 0.80703125 0.49296875 0.073828125 0.073828125
0 0.4671875 0.43515625 0.073828125 0.073828125
0 0.490625 0.4484375 0.058203125 0.05703125
0 0.44921875 0.4640625 0.050390625 0.05078125
0 0.4203125 0.4828125 0.0578125 0.0578125