0 0.765625 0.94609375 0.128515625 0.101953125
0 0.76171875 0.46484375 0.086328125 0.085546875
0 0.890625 0.41640625 0.10703125 0.107421875
0 0.478125 0.165625 0.08984375 0.08984375
0 0.53359375 0.0578125 0.0640625 0.112109375
0 0.2078125 0.24140625 0.117578125 0.1171875
0 0.13046875 0.1703125 0.14921875 0.15
0 0.1875 0.5859375 0.091796875 0.0921875
0 0.19296875 0.50703125 0.073828125 0.073828125
0 0.5328125 0.56484375 0.073828125 0.073828125
0 0.509375 0.5515625 0.058203125 0.05703125
0 0.55078125 0.5359375 0.050390625 0.05078125
0 0.5796875 0.5171875 0.0578125 0.0578125