0 0.5828125 0.54140625 0.059375 0.123046875
0 0.3421875 0.42421875 0.07109375 0.117578125
0 0.28046875 0.46640625 0.1203125 0.119921875
0 0.40390625 0.76171875 0.066796875 0.1046875
0 0.3703125 0.84921875 0.03515625 0.076953125
0 0.34765625 0.8390625 0.06171875 0.0625
0 0.35390625 0.790625 0.038671875 0.062109375
0 0.38046875 0.88203125 0.042578125 0.06875
0 0.35390625 0.96171875 0.065625 0.065625
0 0.3140625 0.109375 0.082421875 0.08359375
0 0.31953125 0.19140625 0.0546875 0.115625
0 0.6546875 0.1515625 0.073046875 0.07421875
0 0.6234375 0.171875 0.049609375 0.09296875
0 0.5765625 0.31015625 0.028515625 0.064453125
0 0.671875 0.18203125 0.0546875 0.0546875
0 0.91875 0.25390625 0.09296875 0.092578125
0 0.628125 0.6515625 0.08984375 0.089453125
0 0.67578125 0.7515625 0.041796875 0.081640625
0 0.77109375 0.834375 0.06875 0.068359375
0 0.92890625 0.8890625 0.111328125 0.159375
0 0.83046875 0.8859375 0.0703125 0.069921875
0 0.54140625 0.85 0.064453125 0.064453125
0 0.47890625 0.95703125 0.0453125 0.0859375
0 0.43203125 0.8640625 0.06953125 0.069140625
0 0.6515625 0.92265625 0.031640625 0.0890625
0 0.5859375 0.86171875 0.061328125 0.061328125
0 0.51796875 0.96171875 0.065234375 0.065234375