0 0.2375 0.29453125 0.157421875 0.15703125
0 0.28203125 0.27890625 0.14921875 0.14921875
0 0.36171875 0.403125 0.1671875 0.167578125
0 0.37734375 0.27265625 0.128125 0.24375
0 0.421875 0.334375 0.16484375 0.16484375
0 0.6296875 0.359375 0.164453125 0.16484375
0 0.74453125 0.3 0.129296875 0.269140625
0 0.65625 0.825 0.162109375 0.162109375
0 0.5703125 0.678125 0.137890625 0.13671875
0 0.51328125 0.7765625 0.187109375 0.1859375
0 0.3734375 0.8625 0.122265625 0.230859375
0 0.30390625 0.57734375 0.126171875 0.12578125
0 0.3671875 0.5875 0.139453125 0.138671875