0 0.7625 0.29453125 0.157421875 0.15703125
0 0.71796875 0.27890625 0.14921875 0.14921875
0 0.63828125 0.403125 0.1671875 0.167578125
0 0.62265625 0.27265625 0.1859375 0.1859375
0 0.578125 0.334375 0.09921875 0.23046875
0 0.3703125 0.359375 0.109765625 0.21953125
0 0.25546875 0.3 0.129296875 0.269140625
0 0.34375 0.825 0.162109375 0.162109375
0 0.4296875 0.678125 0.081640625 0.19296875
0 0.48671875 0.7765625 0.187109375 0.1859375
0 0.6265625 0.8625 0.122265625 0.230859375
0 0.69609375 0.57734375 0.126171875 0.12578125
0 0.6328125 0.5875 0.094140625 0.183984375