0 0.7625 0.70546875 0.157421875 0.15703125
0 0.71796875 0.72109375 0.1015625 0.196875
0 0.63828125 0.596875 0.1671875 0.167578125
0 0.62265625 0.72734375 0.1859375 0.1859375
0 0.578125 0.665625 0.16484375 0.16484375
0 0.3703125 0.640625 0.164453125 0.16484375
0 0.25546875 0.7 0.198828125 0.199609375
0 0.34375 0.175 0.162109375 0.162109375
0 0.4296875 0.321875 0.137890625 0.13671875
0 0.48671875 0.2234375 0.187109375 0.1859375
0 0.6265625 0.1375 0.122265625 0.230859375
0 0.69609375 0.42265625 0.070703125 0.18125
0 0.6328125 0.4125 0.094140625 0.183984375