0 0.2421875 0.878125 0.2234375 0.22265625
0 0.05625 0.8375 0.109375 0.319140625
0 0.12265625 0.4421875 0.2140625 0.2140625
0 0.4375 0.7140625 0.144140625 0.144140625
0 0.48671875 0.6859375 0.1234375 0.1234375
0 0.790625 0.0625 0.115625 0.115625
0 0.93828125 0.4015625 0.119921875 0.31484375
0 0.60546875 0.53828125 0.190234375 0.191015625
0 0.5625 0.44296875 0.151171875 0.150390625
0 0.44765625 0.4453125 0.188671875 0.188671875
0 0.33515625 0.51328125 0.171484375 0.171484375
0 0.25078125 0.42890625 0.189453125 0.1890625
0 0.3421875 0.3890625 0.154296875 0.15390625