0 0.2421875 0.121875 0.2234375 0.22265625
0 0.05625 0.1625 0.109375 0.319140625
0 0.12265625 0.5578125 0.128125 0.3
0 0.4375 0.2859375 0.144140625 0.144140625
0 0.48671875 0.3140625 0.1234375 0.1234375
0 0.790625 0.9375 0.115625 0.115625
0 0.9140625 0.59921875 0.171875 0.2171875
0 0.60546875 0.46171875 0.113671875 0.267578125
0 0.5625 0.55703125 0.103515625 0.198046875
0 0.44765625 0.5546875 0.126953125 0.250390625
0 0.33515625 0.48671875 0.101171875 0.241796875
0 0.25078125 0.57109375 0.120703125 0.2578125
0 0.3421875 0.6109375 0.154296875 0.15390625