0 0.2640625 0.2625 0.15234375 0.153515625
0 0.31015625 0.28203125 0.150390625 0.149609375
0 0.3953125 0.13125 0.186328125 0.1859375
0 0.39375 0.3125 0.1734375 0.1734375
0 0.43828125 0.23671875 0.105078125 0.240625
0 0.66953125 0.2140625 0.176171875 0.175390625
0 0.80078125 0.26953125 0.1921875 0.1921875
0 0.8140625 0.6875 0.099609375 0.243359375
0 0.734375 0.7578125 0.115234375 0.234765625
0 0.6796875 0.89921875 0.142578125 0.1421875
0 0.55625 0.91796875 0.10078125 0.101171875
0 0.34609375 0.828125 0.121484375 0.12109375
0 0.3828125 0.7859375 0.09453125 0.09453125
0 0.39453125 0.61171875 0.123828125 0.123046875