0 0.7359375 0.7375 0.15234375 0.153515625
0 0.68984375 0.71796875 0.150390625 0.149609375
0 0.6046875 0.86875 0.186328125 0.1859375
0 0.60625 0.6875 0.1734375 0.1734375
0 0.56171875 0.76328125 0.173046875 0.17265625
0 0.33046875 0.7859375 0.176171875 0.175390625
0 0.19921875 0.73046875 0.1921875 0.1921875
0 0.1859375 0.3125 0.099609375 0.243359375
0 0.265625 0.2421875 0.115234375 0.234765625
0 0.3203125 0.10078125 0.142578125 0.1421875
0 0.44375 0.08203125 0.059375 0.142578125
0 0.65390625 0.171875 0.121484375 0.12109375
0 0.6171875 0.2140625 0.09453125 0.09453125
0 0.60546875 0.38828125 0.123828125 0.123046875