0 0.2640625 0.7375 0.15234375 0.153515625
0 0.31015625 0.71796875 0.150390625 0.149609375
0 0.3953125 0.86875 0.186328125 0.1859375
0 0.39375 0.6875 0.1734375 0.1734375
0 0.43828125 0.76328125 0.173046875 0.17265625
0 0.66953125 0.7859375 0.111328125 0.240234375
0 0.80078125 0.73046875 0.1234375 0.2609375
0 0.8140625 0.3125 0.099609375 0.243359375
0 0.734375 0.2421875 0.115234375 0.234765625
0 0.6796875 0.10078125 0.142578125 0.1421875
0 0.55625 0.08203125 0.10078125 0.101171875
0 0.34609375 0.171875 0.076953125 0.165625
0 0.3828125 0.2140625 0.09453125 0.09453125
0 0.39453125 0.38828125 0.067578125 0.179296875