0 0.15234375 0.51484375 0.161328125 0.1609375
0 0.25078125 0.37265625 0.24140625 0.24140625
0 0.39921875 0.378125 0.287109375 0.287109375
0 0.34375 0.1234375 0.231640625 0.230859375
0 0.7359375 0.3015625 0.224609375 0.409765625
0 0.64765625 0.7984375 0.243359375 0.24296875
0 0.58359375 0.9046875 0.1921875 0.190625
0 0.2734375 0.715625 0.25 0.25078125
0 0.18515625 0.71875 0.18359375 0.18359375
0 0.8078125 0.67734375 0.298046875 0.29765625
0 0.90859375 0.7546875 0.1796875 0.39140625
0 0.76328125 0.8703125 0.206640625 0.207421875