0 0.4953125 0.61171875 0.299609375 0.29921875
0 0.846875 0.7890625 0.30625 0.315625
0 0.62421875 0.934375 0.1296875 0.130078125
0 0.91796875 0.60078125 0.1640625 0.1921875
0 0.83515625 0.390625 0.203125 0.352734375
0 0.71953125 0.303125 0.28828125 0.28828125
0 0.67734375 0.0625 0.2078125 0.124609375
0 0.65390625 0.4578125 0.2890625 0.28984375
0 0.54609375 0.39453125 0.225390625 0.224609375
0 0.29921875 0.1890625 0.158984375 0.159375
0 0.31796875 0.07421875 0.2171875 0.1484375
0 0.1390625 0.06640625 0.1375 0.1328125
0 0.0640625 0.12109375 0.128125 0.1546875
0 0.16953125 0.27890625 0.203515625 0.203515625
0 0.18515625 0.40390625 0.1875 0.187109375
0 0.08125 0.61328125 0.1625 0.2078125
0 0.06640625 0.92265625 0.1328125 0.1390625