0 0.84765625 0.48515625 0.161328125 0.1609375
0 0.74921875 0.62734375 0.24140625 0.24140625
0 0.60078125 0.621875 0.287109375 0.287109375
0 0.65625 0.8765625 0.231640625 0.230859375
0 0.2640625 0.6984375 0.224609375 0.409765625
0 0.35234375 0.2015625 0.243359375 0.24296875
0 0.41640625 0.0953125 0.1921875 0.190625
0 0.7265625 0.284375 0.14375 0.35703125
0 0.81484375 0.28125 0.18359375 0.18359375
0 0.1921875 0.32265625 0.298046875 0.29765625
0 0.09140625 0.2453125 0.1796875 0.39140625
0 0.23671875 0.1296875 0.206640625 0.207421875