0 0.4953125 0.38828125 0.299609375 0.29921875
0 0.85234375 0.21015625 0.217578125 0.4140625
0 0.62421875 0.065625 0.1296875 0.130078125
0 0.91796875 0.39921875 0.1640625 0.1921875
0 0.83515625 0.609375 0.203125 0.352734375
0 0.71953125 0.696875 0.28828125 0.28828125
0 0.67734375 0.9375 0.2078125 0.124609375
0 0.65390625 0.5421875 0.2890625 0.28984375
0 0.54609375 0.60546875 0.145703125 0.304296875
0 0.29921875 0.8109375 0.158984375 0.159375
0 0.31796875 0.92578125 0.2171875 0.1484375
0 0.13984375 0.9359375 0.157421875 0.118359375
0 0.0640625 0.87890625 0.128125 0.1546875
0 0.16953125 0.72109375 0.203515625 0.203515625
0 0.18515625 0.59609375 0.1875 0.187109375
0 0.08125 0.38671875 0.1625 0.2078125
0 0.06640625 0.07734375 0.1328125 0.1390625