0 0.84765625 0.51484375 0.161328125 0.1609375
0 0.74921875 0.37265625 0.16875 0.3140625
0 0.60078125 0.378125 0.220703125 0.353515625
0 0.65625 0.1234375 0.231640625 0.230859375
0 0.2640625 0.3015625 0.316796875 0.317578125
0 0.35234375 0.7984375 0.243359375 0.24296875
0 0.41640625 0.9046875 0.1921875 0.190625
0 0.7265625 0.715625 0.25 0.25078125
0 0.81484375 0.71875 0.1296875 0.2375
0 0.1921875 0.67734375 0.225390625 0.3703125
0 0.1171875 0.75390625 0.234375 0.2859375
0 0.23671875 0.8703125 0.206640625 0.207421875