0 0.48515625 0.42890625 0.2984375 0.2984375
0 0.53671875 0.62265625 0.144921875 0.296875
0 0.6484375 0.53984375 0.233984375 0.234375
0 0.69921875 0.73359375 0.29765625 0.297265625
0 0.6734375 0.94140625 0.140625 0.1171875
0 0.82421875 0.64921875 0.213671875 0.330078125
0 0.91015625 0.43828125 0.1796875 0.2015625
0 0.83984375 0.2515625 0.3203125 0.328125
0 0.61484375 0.0953125 0.1640625 0.1640625
0 0.0828125 0.1078125 0.165625 0.178125
0 0.07578125 0.415625 0.1515625 0.20625
0 0.159375 0.77109375 0.198828125 0.1984375
0 0.0484375 0.91171875 0.096484375 0.166796875
0 0.2953125 0.86796875 0.16015625 0.215625