0 0.51484375 0.57109375 0.2984375 0.2984375
0 0.46328125 0.37734375 0.144921875 0.296875
0 0.3515625 0.46015625 0.233984375 0.234375
0 0.30078125 0.26640625 0.29765625 0.297265625
0 0.3265625 0.05859375 0.140625 0.1171875
0 0.17578125 0.35078125 0.271484375 0.272265625
0 0.08984375 0.56171875 0.1796875 0.2015625
0 0.16015625 0.7484375 0.3203125 0.328125
0 0.38515625 0.9046875 0.1640625 0.1640625
0 0.9171875 0.8921875 0.165625 0.178125
0 0.92421875 0.584375 0.1515625 0.20625
0 0.840625 0.22890625 0.198828125 0.1984375
0 0.94296875 0.0875 0.1140625 0.13125
0 0.7046875 0.13203125 0.16015625 0.215625