0 0.51484375 0.42890625 0.2984375 0.2984375
0 0.46328125 0.62265625 0.220703125 0.22109375
0 0.3515625 0.53984375 0.233984375 0.234375
0 0.30078125 0.73359375 0.29765625 0.297265625
0 0.3265625 0.94140625 0.140625 0.1171875
0 0.17578125 0.64921875 0.271484375 0.272265625
0 0.08984375 0.43828125 0.1796875 0.2015625
0 0.15546875 0.25078125 0.21875 0.439453125
0 0.38515625 0.0953125 0.1640625 0.1640625
0 0.9171875 0.1078125 0.165625 0.178125
0 0.95078125 0.415625 0.0984375 0.31328125
0 0.840625 0.77109375 0.141015625 0.25625
0 0.94296875 0.9125 0.1140625 0.13125
0 0.7046875 0.86796875 0.16015625 0.215625