0 0.2734375 0.6453125 0.113671875 0.113671875
0 0.16796875 0.80625 0.102734375 0.102734375
0 0.3015625 0.73671875 0.075 0.140625
0 0.36640625 0.4953125 0.092578125 0.09375
0 0.43125 0.528125 0.133203125 0.13203125
0 0.49921875 0.2640625 0.14453125 0.14453125
0 0.53203125 0.234375 0.06875 0.169140625
0 0.35859375 0.1265625 0.06875 0.128125
0 0.30390625 0.153125 0.0703125 0.17578125
0 0.26484375 0.20703125 0.1078125 0.1078125
0 0.56015625 0.53203125 0.115625 0.115625
0 0.63828125 0.55 0.105859375 0.1046875
0 0.31875 0.43359375 0.072265625 0.071875
0 0.48671875 0.484375 0.061328125 0.061328125