0 0.7265625 0.3546875 0.113671875 0.113671875
0 0.83203125 0.19375 0.102734375 0.102734375
0 0.6984375 0.26328125 0.1078125 0.1078125
0 0.63359375 0.5046875 0.092578125 0.09375
0 0.56875 0.471875 0.133203125 0.13203125
0 0.50078125 0.7359375 0.14453125 0.14453125
0 0.46796875 0.765625 0.06875 0.169140625
0 0.64140625 0.8734375 0.0984375 0.0984375
0 0.69609375 0.846875 0.12265625 0.1234375
0 0.73515625 0.79296875 0.1078125 0.1078125
0 0.43984375 0.46796875 0.0703125 0.1609375
0 0.36171875 0.45 0.105859375 0.1046875
0 0.68125 0.56640625 0.072265625 0.071875
0 0.51328125 0.515625 0.061328125 0.061328125