0 0.4046875 0.68203125 0.10859375 0.186328125
0 0.609375 0.825 0.13671875 0.13671875
0 0.284375 0.92578125 0.11875 0.11796875
0 0.534375 0.63125 0.072265625 0.13671875
0 0.578125 0.50625 0.154296875 0.1546875
0 0.44921875 0.46328125 0.13125 0.130859375
0 0.48828125 0.23828125 0.06875 0.1609375
0 0.53203125 0.1390625 0.155078125 0.15546875
0 0.36328125 0.0671875 0.06875 0.128125
0 0.3125 0.08359375 0.1125 0.112109375
0 0.36015625 0.10390625 0.11171875 0.111328125
0 0.69765625 0.0609375 0.096875 0.09609375