0 0.5953125 0.31796875 0.146875 0.148046875
0 0.390625 0.175 0.09296875 0.18046875
0 0.715625 0.07421875 0.10078125 0.1359375
0 0.465625 0.36875 0.105078125 0.10390625
0 0.421875 0.49375 0.154296875 0.1546875
0 0.55078125 0.53671875 0.13125 0.130859375
0 0.51171875 0.76171875 0.11484375 0.11484375
0 0.46796875 0.8609375 0.155078125 0.15546875
0 0.63671875 0.9328125 0.0984375 0.0984375
0 0.6875 0.91640625 0.1125 0.112109375
0 0.63984375 0.89609375 0.075 0.148046875
0 0.30234375 0.9390625 0.096875 0.09609375