0 0.22109375 0.7765625 0.121875 0.237890625
0 0.2265625 0.4765625 0.165234375 0.265625
0 0.08203125 0.13515625 0.1640625 0.1828125
0 0.22421875 0.24765625 0.17265625 0.173046875
0 0.30859375 0.128125 0.1234375 0.1234375
0 0.509375 0.10625 0.19375 0.19375
0 0.48359375 0.23984375 0.141796875 0.225
0 0.6453125 0.70546875 0.150390625 0.260546875
0 0.7328125 0.9078125 0.126953125 0.12734375
0 0.825 0.56640625 0.169140625 0.16875
0 0.54296875 0.35859375 0.176953125 0.1765625
0 0.1421875 0.46875 0.14296875 0.14140625