0 0.77890625 0.7765625 0.1796875 0.180078125
0 0.7734375 0.4765625 0.215234375 0.215625
0 0.92734375 0.1359375 0.134375 0.230859375
0 0.77578125 0.24765625 0.17265625 0.173046875
0 0.69140625 0.128125 0.1234375 0.1234375
0 0.490625 0.10625 0.175 0.2125
0 0.51640625 0.23984375 0.183203125 0.18359375
0 0.3546875 0.70546875 0.205859375 0.205078125
0 0.2671875 0.9078125 0.126953125 0.12734375
0 0.175 0.56640625 0.169140625 0.16875
0 0.45703125 0.35859375 0.176953125 0.1765625
0 0.8578125 0.46875 0.14296875 0.14140625