0 0.53203125 0.2203125 0.13828125 0.1390625
0 0.6484375 0.10546875 0.140625 0.140234375
0 0.33359375 0.115625 0.0921875 0.191015625
0 0.35390625 0.54140625 0.141015625 0.140234375
0 0.3859375 0.80390625 0.130859375 0.130859375
0 0.43671875 0.60703125 0.145703125 0.1453125
0 0.51953125 0.6390625 0.148046875 0.147265625
0 0.58125 0.61171875 0.090234375 0.209375
0 0.8390625 0.52109375 0.1828125 0.182421875
0 0.6359375 0.35703125 0.102734375 0.209375
0 0.5609375 0.40859375 0.132421875 0.13203125
0 0.38828125 0.15703125 0.103125 0.103125
0 0.16953125 0.26796875 0.139453125 0.138671875