0 0.46796875 0.2203125 0.0921875 0.18515625
0 0.3515625 0.10546875 0.140625 0.140234375
0 0.66640625 0.115625 0.14140625 0.141796875
0 0.64609375 0.54140625 0.141015625 0.140234375
0 0.6140625 0.80390625 0.084765625 0.176953125
0 0.56328125 0.60703125 0.145703125 0.1453125
0 0.48046875 0.6390625 0.148046875 0.147265625
0 0.41875 0.61171875 0.149609375 0.15
0 0.1609375 0.52109375 0.12265625 0.242578125
0 0.3640625 0.35703125 0.155859375 0.15625
0 0.4390625 0.40859375 0.132421875 0.13203125
0 0.61171875 0.15703125 0.103125 0.103125
0 0.83046875 0.26796875 0.139453125 0.138671875