0 0.46796875 0.7796875 0.13828125 0.1390625
0 0.3515625 0.89453125 0.09765625 0.183203125
0 0.66640625 0.884375 0.14140625 0.141796875
0 0.64609375 0.45859375 0.141015625 0.140234375
0 0.6140625 0.19609375 0.130859375 0.130859375
0 0.56328125 0.39296875 0.145703125 0.1453125
0 0.48046875 0.3609375 0.148046875 0.147265625
0 0.41875 0.38828125 0.149609375 0.15
0 0.1609375 0.47890625 0.12265625 0.242578125
0 0.3640625 0.64296875 0.102734375 0.209375
0 0.4390625 0.59140625 0.132421875 0.13203125
0 0.61171875 0.84296875 0.103125 0.103125
0 0.83046875 0.73203125 0.139453125 0.138671875