0 0.56015625 0.23984375 0.233203125 0.232421875
0 0.64140625 0.3359375 0.11875 0.118359375
0 0.56640625 0.48125 0.174609375 0.17421875
0 0.30234375 0.20234375 0.153515625 0.153125
0 0.29765625 0.3234375 0.098046875 0.150390625
0 0.27890625 0.40625 0.134765625 0.134375
0 0.359375 0.3828125 0.158203125 0.1578125
0 0.3703125 0.565625 0.191796875 0.191796875
0 0.4625 0.5671875 0.1515625 0.151171875
0 0.4390625 0.72890625 0.140625 0.228125
0 0.521875 0.73515625 0.141015625 0.176171875
0 0.73515625 0.8265625 0.1265625 0.21640625
0 0.48046875 0.93828125 0.090625 0.1078125