0 0.43984375 0.76015625 0.233203125 0.232421875
0 0.35859375 0.6640625 0.11875 0.118359375
0 0.43359375 0.51875 0.174609375 0.17421875
0 0.69765625 0.79765625 0.153515625 0.153125
0 0.70234375 0.6765625 0.123828125 0.124609375
0 0.72109375 0.59375 0.107421875 0.16171875
0 0.640625 0.6171875 0.100390625 0.215625
0 0.6296875 0.434375 0.191796875 0.191796875
0 0.5375 0.4328125 0.1515625 0.151171875
0 0.5609375 0.27109375 0.184375 0.184375
0 0.478125 0.26484375 0.158984375 0.158203125
0 0.26484375 0.1734375 0.17109375 0.171875
0 0.51953125 0.06171875 0.09921875 0.09921875