0 0.56015625 0.76015625 0.233203125 0.232421875
0 0.64140625 0.6640625 0.11875 0.118359375
0 0.56640625 0.51875 0.174609375 0.17421875
0 0.30234375 0.79765625 0.098828125 0.2078125
0 0.29765625 0.6765625 0.123828125 0.124609375
0 0.27890625 0.59375 0.134765625 0.134375
0 0.359375 0.6171875 0.100390625 0.215625
0 0.3703125 0.434375 0.191796875 0.191796875
0 0.4625 0.4328125 0.125 0.177734375
0 0.4390625 0.27109375 0.140625 0.228125
0 0.521875 0.26484375 0.158984375 0.158203125
0 0.73515625 0.1734375 0.17109375 0.171875
0 0.48046875 0.06171875 0.09921875 0.09921875