0 0.59609375 0.2984375 0.115625 0.225
0 0.73203125 0.078125 0.13203125 0.132421875
0 0.8046875 0.25625 0.140234375 0.141015625
0 0.56796875 0.2109375 0.11640625 0.116015625
0 0.575 0.55625 0.144921875 0.14453125
0 0.440625 0.73515625 0.12890625 0.128515625
0 0.40546875 0.76171875 0.084375 0.084375
0 0.36953125 0.75390625 0.108203125 0.108203125
0 0.35 0.8546875 0.134765625 0.134765625
0 0.35390625 0.5671875 0.13671875 0.13671875
0 0.31484375 0.39921875 0.166796875 0.166796875
0 0.2328125 0.45703125 0.153125 0.153515625
0 0.59375 0.73359375 0.08671875 0.15625
0 0.53359375 0.76640625 0.066796875 0.153125
0 0.51796875 0.88671875 0.061328125 0.120703125