0 0.40390625 0.7015625 0.115625 0.225
0 0.26796875 0.921875 0.13203125 0.132421875
0 0.1953125 0.74375 0.140234375 0.141015625
0 0.43203125 0.7890625 0.0765625 0.155859375
0 0.425 0.44375 0.144921875 0.14453125
0 0.559375 0.26484375 0.12890625 0.128515625
0 0.59453125 0.23828125 0.0515625 0.1171875
0 0.63046875 0.24609375 0.067578125 0.148828125
0 0.65 0.1453125 0.091015625 0.178515625
0 0.64609375 0.4328125 0.13671875 0.13671875
0 0.68515625 0.60078125 0.166796875 0.166796875
0 0.7671875 0.54296875 0.153125 0.153515625
0 0.40625 0.26640625 0.12109375 0.121875
0 0.46640625 0.23359375 0.109765625 0.11015625
0 0.48203125 0.11328125 0.061328125 0.120703125