0 0.921875 0.64765625 0.15625 0.1765625
0 0.7046875 0.35703125 0.160546875 0.159765625
0 0.7640625 0.77578125 0.1921875 0.19140625
0 0.6734375 0.82734375 0.143359375 0.242578125
0 0.65390625 0.90625 0.153515625 0.15390625
0 0.565625 0.7546875 0.146875 0.275390625
0 0.45078125 0.7421875 0.22265625 0.222265625
0 0.3703125 0.48828125 0.23828125 0.237890625
0 0.2328125 0.4125 0.183984375 0.359765625
0 0.35078125 0.175 0.1859375 0.185546875
0 0.2046875 0.90234375 0.15625 0.15546875
0 0.3015625 0.90546875 0.118359375 0.183203125