0 0.921875 0.35234375 0.15625 0.1765625
0 0.7046875 0.64296875 0.128515625 0.191796875
0 0.7640625 0.22421875 0.1921875 0.19140625
0 0.6734375 0.17265625 0.192578125 0.193359375
0 0.65390625 0.09375 0.126171875 0.18125
0 0.565625 0.2453125 0.2109375 0.211328125
0 0.45078125 0.2578125 0.1421875 0.302734375
0 0.3703125 0.51171875 0.23828125 0.237890625
0 0.2328125 0.5875 0.271484375 0.272265625
0 0.35078125 0.825 0.14375 0.227734375
0 0.2046875 0.09765625 0.15625 0.15546875
0 0.3015625 0.09453125 0.150390625 0.151171875