0 0.078125 0.64765625 0.15625 0.1765625
0 0.2953125 0.35703125 0.160546875 0.159765625
0 0.2359375 0.77578125 0.1921875 0.19140625
0 0.3265625 0.82734375 0.192578125 0.193359375
0 0.34609375 0.90625 0.153515625 0.15390625
0 0.434375 0.7546875 0.2109375 0.211328125
0 0.54921875 0.7421875 0.22265625 0.222265625
0 0.6296875 0.48828125 0.16875 0.307421875
0 0.7671875 0.4125 0.183984375 0.359765625
0 0.64921875 0.175 0.1859375 0.185546875
0 0.7953125 0.90234375 0.12265625 0.1890625
0 0.6984375 0.90546875 0.150390625 0.151171875