0 0.33984375 0.346875 0.154296875 0.153515625
0 0.30625 0.27265625 0.15625 0.157421875
0 0.23359375 0.23984375 0.11875 0.2484375
0 0.06796875 0.09921875 0.1265625 0.194921875
0 0.33125 0.79765625 0.091015625 0.1734375
0 0.16953125 0.92890625 0.113671875 0.114453125
0 0.409375 0.20546875 0.198828125 0.199609375
0 0.525 0.20390625 0.121875 0.3
0 0.5890625 0.0515625 0.11875 0.103125
0 0.6671875 0.4390625 0.125 0.230859375
0 0.6546875 0.7359375 0.183984375 0.18515625
0 0.775 0.72734375 0.184375 0.18359375
0 0.7328125 0.58671875 0.130078125 0.130859375
0 0.7625 0.4046875 0.166796875 0.167578125