0 0.66015625 0.653125 0.154296875 0.153515625
0 0.69375 0.72734375 0.15625 0.157421875
0 0.76640625 0.76015625 0.11875 0.2484375
0 0.92578125 0.9015625 0.1484375 0.159375
0 0.66875 0.20234375 0.132421875 0.13203125
0 0.83046875 0.07109375 0.113671875 0.114453125
0 0.590625 0.79453125 0.140234375 0.258203125
0 0.475 0.79609375 0.2109375 0.2109375
0 0.41171875 0.946875 0.1109375 0.10625
0 0.3328125 0.5609375 0.178125 0.177734375
0 0.3453125 0.2640625 0.183984375 0.18515625
0 0.225 0.27265625 0.184375 0.18359375
0 0.2671875 0.41328125 0.083984375 0.176953125
0 0.2375 0.5953125 0.102734375 0.231640625