0 0.66015625 0.346875 0.108203125 0.199609375
0 0.69375 0.27265625 0.15625 0.157421875
0 0.76640625 0.23984375 0.18359375 0.18359375
0 0.93203125 0.09921875 0.1265625 0.194921875
0 0.66875 0.79765625 0.091015625 0.1734375
0 0.83046875 0.92890625 0.094921875 0.133203125
0 0.590625 0.20546875 0.140234375 0.258203125
0 0.475 0.20390625 0.2109375 0.2109375
0 0.4109375 0.0515625 0.11875 0.103125
0 0.3328125 0.4390625 0.178125 0.177734375
0 0.3453125 0.7359375 0.183984375 0.18515625
0 0.225 0.72734375 0.13203125 0.2359375
0 0.2671875 0.58671875 0.130078125 0.130859375
0 0.2375 0.4046875 0.166796875 0.167578125