0 0.53984375 0.43046875 0.249609375 0.24921875
0 0.7140625 0.35078125 0.15546875 0.15546875
0 0.67578125 0.565625 0.0703125 0.070703125
0 0.7 0.5609375 0.078515625 0.077734375
0 0.70390625 0.778125 0.11640625 0.115625
0 0.721875 0.95859375 0.0375 0.078125
0 0.7046875 0.94140625 0.058984375 0.058203125
0 0.65 0.90390625 0.090625 0.165625
0 0.4953125 0.86640625 0.141015625 0.261328125
0 0.2359375 0.840625 0.109375 0.18828125
0 0.2078125 0.30625 0.2015625 0.2015625
0 0.4171875 0.14375 0.121484375 0.269140625
0 0.4625 0.278125 0.170703125 0.1703125
0 0.35703125 0.0875 0.064453125 0.146484375
0 0.5234375 0.1515625 0.162890625 0.1625
0 0.5546875 0.06171875 0.125 0.1234375