0 0.46015625 0.43046875 0.170703125 0.328125
0 0.2859375 0.35078125 0.15546875 0.15546875
0 0.32421875 0.565625 0.034375 0.106640625
0 0.3 0.5609375 0.044140625 0.112109375
0 0.29609375 0.778125 0.11640625 0.115625
0 0.278125 0.95859375 0.0578125 0.0578125
0 0.2953125 0.94140625 0.058984375 0.058203125
0 0.35 0.90390625 0.128125 0.128125
0 0.5046875 0.86640625 0.201171875 0.201171875
0 0.7640625 0.840625 0.109375 0.18828125
0 0.7921875 0.30625 0.2015625 0.2015625
0 0.5828125 0.14375 0.194921875 0.195703125
0 0.5375 0.278125 0.170703125 0.1703125
0 0.64296875 0.0875 0.105859375 0.105078125
0 0.4765625 0.1515625 0.162890625 0.1625
0 0.4453125 0.06171875 0.125 0.1234375