0 0.46015625 0.56953125 0.170703125 0.328125
0 0.2859375 0.64921875 0.15546875 0.15546875
0 0.32421875 0.434375 0.0703125 0.070703125
0 0.3 0.4390625 0.078515625 0.077734375
0 0.29609375 0.221875 0.11640625 0.115625
0 0.278125 0.04140625 0.0578125 0.0578125
0 0.2953125 0.05859375 0.058984375 0.058203125
0 0.35 0.09609375 0.128125 0.128125
0 0.5046875 0.13359375 0.201171875 0.201171875
0 0.7640625 0.159375 0.1484375 0.14921875
0 0.7921875 0.69375 0.2015625 0.2015625
0 0.5828125 0.85625 0.194921875 0.195703125
0 0.5375 0.721875 0.170703125 0.1703125
0 0.64296875 0.9125 0.105859375 0.105078125
0 0.4765625 0.8484375 0.162890625 0.1625
0 0.44453125 0.93828125 0.128125 0.120703125