0 0.33828125 0.278125 0.1015625 0.240625
0 0.234375 0.22109375 0.12578125 0.2609375
0 0.2984375 0.56484375 0.119140625 0.245703125
0 0.35546875 0.52109375 0.121875 0.225
0 0.375 0.8 0.165625 0.16640625
0 0.30625 0.8078125 0.10625 0.19140625
0 0.6015625 0.88515625 0.1640625 0.164453125
0 0.71171875 0.82109375 0.0953125 0.183203125
0 0.54453125 0.5609375 0.14609375 0.146484375
0 0.59296875 0.5984375 0.134765625 0.13515625
0 0.69765625 0.5109375 0.088671875 0.143359375
0 0.74453125 0.509375 0.1203125 0.12109375