0 0.33828125 0.721875 0.1015625 0.240625
0 0.234375 0.77890625 0.12578125 0.2609375
0 0.2984375 0.43515625 0.182421875 0.182421875
0 0.35546875 0.47890625 0.1734375 0.1734375
0 0.375 0.2 0.165625 0.16640625
0 0.30625 0.1921875 0.1484375 0.14921875
0 0.6015625 0.11484375 0.10859375 0.219921875
0 0.71171875 0.17890625 0.1390625 0.139453125
0 0.54453125 0.4390625 0.0859375 0.206640625
0 0.59296875 0.4015625 0.082421875 0.1875
0 0.69765625 0.4890625 0.116015625 0.116015625
0 0.74453125 0.490625 0.1203125 0.12109375