0 0.66171875 0.721875 0.17109375 0.17109375
0 0.765625 0.77890625 0.19375 0.19296875
0 0.7015625 0.43515625 0.182421875 0.182421875
0 0.64453125 0.47890625 0.121875 0.225
0 0.625 0.2 0.11875 0.21328125
0 0.69375 0.1921875 0.1484375 0.14921875
0 0.3984375 0.11484375 0.10859375 0.219921875
0 0.28828125 0.17890625 0.0953125 0.183203125
0 0.45546875 0.4390625 0.14609375 0.146484375
0 0.40703125 0.4015625 0.134765625 0.13515625
0 0.30234375 0.4890625 0.116015625 0.116015625
0 0.25546875 0.490625 0.084375 0.15703125