0 0.30390625 0.57578125 0.27265625 0.27265625
0 0.06171875 0.5765625 0.1234375 0.1625
0 0.053125 0.3828125 0.10625 0.215234375
0 0.43203125 0.5671875 0.21171875 0.2125
0 0.49375 0.1671875 0.1515625 0.151171875
0 0.46015625 0.33984375 0.201953125 0.20234375
0 0.53046875 0.35 0.19296875 0.1921875
0 0.6640625 0.77421875 0.13046875 0.13046875
0 0.753125 0.7921875 0.176953125 0.1765625
0 0.75234375 0.59140625 0.1078125 0.2
0 0.603125 0.5359375 0.071484375 0.14375
0 0.53984375 0.57421875 0.115234375 0.11484375