0 0.30390625 0.42421875 0.27265625 0.27265625
0 0.06171875 0.4234375 0.1234375 0.1625
0 0.06640625 0.61796875 0.1328125 0.1609375
0 0.43203125 0.4328125 0.1515625 0.27265625
0 0.49375 0.8328125 0.1515625 0.151171875
0 0.46015625 0.66015625 0.201953125 0.20234375
0 0.53046875 0.65 0.1046875 0.28046875
0 0.6640625 0.22578125 0.084375 0.1765625
0 0.753125 0.2078125 0.176953125 0.1765625
0 0.75234375 0.40859375 0.1078125 0.2
0 0.603125 0.4640625 0.071484375 0.14375
0 0.53984375 0.42578125 0.076953125 0.153125