0 0.159375 0.18984375 0.1390625 0.139453125
0 0.409375 0.0515625 0.091015625 0.097265625
0 0.32890625 0.5265625 0.088671875 0.15625
0 0.34765625 0.68515625 0.130078125 0.13046875
0 0.53828125 0.525 0.13125 0.309375
0 0.64375 0.521875 0.183984375 0.184765625
0 0.67421875 0.78203125 0.116015625 0.11640625
0 0.69453125 0.85390625 0.1484375 0.1484375
0 0.93359375 0.30859375 0.1328125 0.1609375
0 0.8703125 0.32734375 0.129296875 0.1296875
0 0.78203125 0.27421875 0.112890625 0.11328125
0 0.72578125 0.48125 0.09375 0.09296875
0 0.81953125 0.55390625 0.09765625 0.098046875
0 0.74453125 0.69765625 0.147265625 0.146875