0 0.58359375 0.72734375 0.0765625 0.13125
0 0.65546875 0.7375 0.086328125 0.165625
0 0.77578125 0.56484375 0.1140625 0.114453125
0 0.5203125 0.6453125 0.110546875 0.110546875
0 0.2203125 0.37421875 0.15 0.151171875
0 0.415625 0.178125 0.096484375 0.165625
0 0.3765625 0.1484375 0.075 0.162890625
0 0.45390625 0.0640625 0.10625 0.128125
0 0.63125 0.184375 0.09921875 0.09921875
0 0.49453125 0.2078125 0.10546875 0.105078125
0 0.69765625 0.1875 0.138671875 0.138671875
0 0.690625 0.065625 0.087890625 0.13125
0 0.8625 0.27890625 0.162890625 0.163671875
0 0.88515625 0.5265625 0.109375 0.205859375