0 0.41640625 0.27265625 0.10390625 0.10390625
0 0.34453125 0.2625 0.126171875 0.12578125
0 0.22421875 0.43515625 0.1140625 0.114453125
0 0.4796875 0.3546875 0.071484375 0.149609375
0 0.7796875 0.62578125 0.09609375 0.205078125
0 0.584375 0.821875 0.130859375 0.13125
0 0.6234375 0.8515625 0.11875 0.119140625
0 0.54609375 0.9359375 0.1171875 0.1171875
0 0.36875 0.815625 0.09921875 0.09921875
0 0.50546875 0.7921875 0.10546875 0.105078125
0 0.30234375 0.8125 0.138671875 0.138671875
0 0.309375 0.934375 0.109765625 0.109375
0 0.1375 0.72109375 0.162890625 0.163671875
0 0.11484375 0.4734375 0.109375 0.205859375