0 0.7796875 0.3921875 0.094140625 0.206640625
0 0.5125 0.1296875 0.104296875 0.10390625
0 0.44140625 0.05546875 0.0890625 0.0890625
0 0.3765625 0.05859375 0.096484375 0.095703125
0 0.240625 0.20546875 0.11875 0.119140625
0 0.14765625 0.24609375 0.147265625 0.14765625
0 0.17734375 0.47421875 0.146875 0.146484375
0 0.34140625 0.5734375 0.0765625 0.158984375
0 0.40234375 0.55859375 0.109375 0.108984375
0 0.34921875 0.69296875 0.117578125 0.116796875
0 0.60625 0.58671875 0.14765625 0.146875
0 0.9078125 0.79375 0.128515625 0.12734375
0 0.94921875 0.784375 0.0796875 0.175390625
0 0.89609375 0.88984375 0.13125 0.13125
0 0.65625 0.95 0.0828125 0.0828125
0 0.5890625 0.9421875 0.10703125 0.10625
0 0.55 0.753125 0.169140625 0.16875
0 0.496875 0.9171875 0.135546875 0.135546875