0 0.2203125 0.6078125 0.150390625 0.150390625
0 0.4875 0.8703125 0.068359375 0.13984375
0 0.55859375 0.94453125 0.0890625 0.0890625
0 0.6234375 0.94140625 0.084765625 0.107421875
0 0.759375 0.79453125 0.11875 0.119140625
0 0.85234375 0.75390625 0.085546875 0.209375
0 0.82265625 0.52578125 0.146875 0.146484375
0 0.65859375 0.4265625 0.11796875 0.117578125
0 0.59765625 0.44140625 0.109375 0.108984375
0 0.65078125 0.30703125 0.086328125 0.148046875
0 0.39375 0.41328125 0.14765625 0.146875
0 0.0921875 0.20625 0.128515625 0.12734375
0 0.05703125 0.21484375 0.1140625 0.1265625
0 0.10390625 0.11015625 0.0953125 0.1671875
0 0.34375 0.05 0.0828125 0.0828125
0 0.4109375 0.0578125 0.09765625 0.115625
0 0.45 0.246875 0.087890625 0.25
0 0.503125 0.0828125 0.105859375 0.165234375