0 0.7796875 0.6078125 0.150390625 0.150390625
0 0.5125 0.8703125 0.068359375 0.13984375
0 0.44140625 0.94453125 0.0890625 0.0890625
0 0.3765625 0.94140625 0.096484375 0.095703125
0 0.240625 0.79453125 0.08671875 0.151171875
0 0.14765625 0.75390625 0.147265625 0.14765625
0 0.17734375 0.52578125 0.146875 0.146484375
0 0.34140625 0.4265625 0.11796875 0.117578125
0 0.40234375 0.44140625 0.109375 0.108984375
0 0.34921875 0.30703125 0.117578125 0.116796875
0 0.60625 0.41328125 0.14765625 0.146875
0 0.9078125 0.20625 0.128515625 0.12734375
0 0.94296875 0.21484375 0.1140625 0.1265625
0 0.89609375 0.11015625 0.13125 0.13125
0 0.65625 0.05 0.065625 0.1
0 0.5890625 0.0578125 0.09765625 0.115625
0 0.55 0.246875 0.169140625 0.16875
0 0.496875 0.0828125 0.135546875 0.135546875