0 0.30625 0.58046875 0.130859375 0.130859375
0 0.0734375 0.87890625 0.13203125 0.132421875
0 0.54375 0.31796875 0.098828125 0.09921875
0 0.6109375 0.2484375 0.094921875 0.095703125
0 0.67265625 0.23671875 0.078125 0.141796875
0 0.80078125 0.40234375 0.108984375 0.108984375
0 0.89296875 0.440625 0.090625 0.19296875
0 0.86328125 0.65546875 0.089453125 0.166796875
0 0.71484375 0.73828125 0.133984375 0.133984375
0 0.7078125 0.85703125 0.1109375 0.109765625
0 0.653125 0.73828125 0.084375 0.085546875
0 0.5078125 0.8984375 0.15 0.15
0 0.47109375 0.95859375 0.08203125 0.08203125
0 0.17265625 0.93203125 0.097265625 0.09765625
0 0.4546875 0.75546875 0.137109375 0.13671875