0 0.69375 0.58046875 0.130859375 0.130859375
0 0.9265625 0.87890625 0.103125 0.161328125
0 0.45625 0.31796875 0.065234375 0.1328125
0 0.3890625 0.2484375 0.068359375 0.122265625
0 0.32734375 0.23671875 0.11015625 0.109765625
0 0.19921875 0.40234375 0.108984375 0.108984375
0 0.10703125 0.440625 0.1421875 0.14140625
0 0.13671875 0.65546875 0.089453125 0.166796875
0 0.28515625 0.73828125 0.085546875 0.182421875
0 0.2921875 0.85703125 0.1109375 0.109765625
0 0.346875 0.73828125 0.05546875 0.114453125
0 0.4921875 0.8984375 0.15 0.15
0 0.52890625 0.95859375 0.08203125 0.08203125
0 0.82734375 0.93203125 0.066796875 0.128125
0 0.5453125 0.75546875 0.084765625 0.1890625