0 0.41328125 0.54609375 0.0921875 0.0921875
0 0.34453125 0.5578125 0.075 0.14609375
0 0.2078125 0.3703125 0.077734375 0.1375
0 0.11640625 0.3421875 0.153125 0.15234375
0 0.1359375 0.1078125 0.091015625 0.184375
0 0.29140625 0.0515625 0.093359375 0.09296875
0 0.35546875 0.0421875 0.071875 0.071484375
0 0.478125 0.4765625 0.104296875 0.105078125
0 0.48125 0.27421875 0.098046875 0.09765625
0 0.7328125 0.184375 0.159375 0.16015625
0 0.571875 0.05859375 0.10546875 0.105078125
0 0.51171875 0.06484375 0.10078125 0.10078125