0 0.58671875 0.54609375 0.0671875 0.1171875
0 0.65546875 0.5578125 0.075 0.14609375
0 0.7921875 0.3703125 0.107421875 0.1078125
0 0.88359375 0.3421875 0.153125 0.15234375
0 0.8640625 0.1078125 0.137890625 0.1375
0 0.70859375 0.0515625 0.083203125 0.103125
0 0.64453125 0.0421875 0.059375 0.083984375
0 0.521875 0.4765625 0.104296875 0.105078125
0 0.51875 0.27421875 0.050390625 0.1453125
0 0.2671875 0.184375 0.159375 0.16015625
0 0.428125 0.05859375 0.09375 0.116796875
0 0.48828125 0.06484375 0.10078125 0.10078125