0 0.7171875 0.54296875 0.134765625 0.255078125
0 0.78515625 0.79140625 0.11953125 0.119140625
0 0.73828125 0.771875 0.09765625 0.09765625
0 0.6109375 0.8921875 0.1375 0.137109375
0 0.42265625 0.721875 0.102734375 0.102734375
0 0.4484375 0.703125 0.09140625 0.092578125
0 0.453125 0.6234375 0.09296875 0.093359375
0 0.5109375 0.3796875 0.123828125 0.123828125
0 0.409375 0.47890625 0.097265625 0.09765625
0 0.76171875 0.34140625 0.148046875 0.148828125
0 0.69453125 0.19609375 0.09375 0.1515625
0 0.66328125 0.059375 0.115234375 0.11484375