0 0.2828125 0.45703125 0.194921875 0.194921875
0 0.21484375 0.20859375 0.11953125 0.119140625
0 0.26171875 0.228125 0.0671875 0.128125
0 0.3890625 0.1078125 0.1375 0.137109375
0 0.57734375 0.278125 0.067578125 0.137890625
0 0.5515625 0.296875 0.09140625 0.092578125
0 0.546875 0.3765625 0.09296875 0.093359375
0 0.4890625 0.6203125 0.123828125 0.123828125
0 0.590625 0.52109375 0.097265625 0.09765625
0 0.23828125 0.65859375 0.148046875 0.148828125
0 0.30546875 0.80390625 0.12265625 0.12265625
0 0.33671875 0.940625 0.115234375 0.11484375