0 0.5578125 0.65625 0.214453125 0.21328125
0 0.5375 0.41875 0.100390625 0.175390625
0 0.590625 0.50078125 0.102734375 0.1390625
0 0.6328125 0.2734375 0.123046875 0.123828125
0 0.65859375 0.090625 0.147265625 0.148046875
0 0.52890625 0.06953125 0.082421875 0.1390625
0 0.8375 0.46875 0.078125 0.20546875
0 0.95390625 0.58828125 0.0921875 0.1109375
0 0.8921875 0.7484375 0.097265625 0.097265625
0 0.90859375 0.89375 0.1421875 0.141796875
0 0.50859375 0.871875 0.125 0.125390625
0 0.55703125 0.8640625 0.066796875 0.12890625
0 0.6625 0.95546875 0.09375 0.0890625