0 0.5578125 0.34375 0.141015625 0.28671875
0 0.5375 0.58125 0.137890625 0.137890625
0 0.590625 0.49921875 0.120703125 0.12109375
0 0.6328125 0.7265625 0.123046875 0.123828125
0 0.65859375 0.909375 0.147265625 0.148046875
0 0.52890625 0.93046875 0.082421875 0.1390625
0 0.8375 0.53125 0.078125 0.20546875
0 0.95390625 0.41171875 0.0921875 0.1109375
0 0.8921875 0.2515625 0.075390625 0.119140625
0 0.90859375 0.10625 0.1421875 0.141796875
0 0.50859375 0.128125 0.1 0.150390625
0 0.55703125 0.1359375 0.066796875 0.12890625
0 0.66328125 0.04140625 0.1109375 0.0765625