0 0.6640625 0.3703125 0.213671875 0.213671875
0 0.7046875 0.6046875 0.152734375 0.15234375
0 0.625 0.77109375 0.119140625 0.11875
0 0.603125 0.9265625 0.109765625 0.146875
0 0.75390625 0.94921875 0.111328125 0.1015625
0 0.35078125 0.1921875 0.128515625 0.129296875
0 0.25078125 0.06640625 0.111328125 0.111328125
0 0.54921875 0.06171875 0.1109375 0.1171875
0 0.72421875 0.12421875 0.121484375 0.121484375
0 0.68125 0.1515625 0.099609375 0.10078125
0 0.32578125 0.47265625 0.067578125 0.1375
0 0.43515625 0.5796875 0.133203125 0.133203125