0 0.3359375 0.6296875 0.213671875 0.213671875
0 0.2953125 0.3953125 0.152734375 0.15234375
0 0.375 0.22890625 0.119140625 0.11875
0 0.396875 0.0734375 0.109765625 0.146875
0 0.24609375 0.05078125 0.111328125 0.1015625
0 0.64921875 0.8078125 0.128515625 0.129296875
0 0.74921875 0.93359375 0.111328125 0.111328125
0 0.45078125 0.93828125 0.1109375 0.1171875
0 0.27578125 0.87578125 0.121484375 0.121484375
0 0.31875 0.8484375 0.099609375 0.10078125
0 0.67421875 0.52734375 0.102734375 0.10234375
0 0.56484375 0.4203125 0.079296875 0.187109375