0 0.6640625 0.6296875 0.143359375 0.283984375
0 0.7046875 0.3953125 0.152734375 0.15234375
0 0.625 0.22890625 0.084765625 0.153125
0 0.603125 0.0734375 0.128515625 0.128125
0 0.7546875 0.0515625 0.10625 0.103125
0 0.35078125 0.8078125 0.128515625 0.129296875
0 0.25078125 0.93359375 0.111328125 0.111328125
0 0.54921875 0.93828125 0.1140625 0.1140625
0 0.72421875 0.87578125 0.121484375 0.121484375
0 0.68125 0.8484375 0.099609375 0.10078125
0 0.32578125 0.52734375 0.067578125 0.1375
0 0.43515625 0.4203125 0.079296875 0.187109375