0 0.35546875 0.3109375 0.0671875 0.128125
0 0.12890625 0.453125 0.08125 0.155859375
0 0.41328125 0.16796875 0.124609375 0.125
0 0.478125 0.1515625 0.119921875 0.119921875
0 0.31640625 0.41328125 0.105078125 0.105078125
0 0.35859375 0.4765625 0.08125 0.153125
0 0.59765625 0.53515625 0.076953125 0.145703125
0 0.55625 0.55546875 0.118359375 0.117578125
0 0.7515625 0.39609375 0.14375 0.143359375
0 0.4953125 0.73359375 0.094140625 0.09375
0 0.74609375 0.90546875 0.0890625 0.088671875
0 0.634375 0.90625 0.087890625 0.16875
0 0.60390625 0.9328125 0.10078125 0.10078125
0 0.54921875 0.88125 0.17109375 0.17109375