0 0.64453125 0.6890625 0.09765625 0.09765625
0 0.87109375 0.546875 0.11875 0.118359375
0 0.58671875 0.83203125 0.124609375 0.125
0 0.521875 0.8484375 0.119921875 0.119921875
0 0.68359375 0.58671875 0.105078125 0.105078125
0 0.64140625 0.5234375 0.1171875 0.1171875
0 0.40234375 0.46484375 0.111328125 0.111328125
0 0.44375 0.44453125 0.118359375 0.117578125
0 0.2484375 0.60390625 0.14375 0.143359375
0 0.5046875 0.26640625 0.094140625 0.09375
0 0.25390625 0.09453125 0.0890625 0.088671875
0 0.365625 0.09375 0.128515625 0.128125
0 0.39609375 0.0671875 0.0671875 0.134375
0 0.45078125 0.11875 0.17109375 0.17109375