0 0.6796875 0.44765625 0.13515625 0.13515625
0 0.721875 0.73828125 0.12421875 0.123828125
0 0.671875 0.9296875 0.1015625 0.101953125
0 0.57265625 0.928125 0.105078125 0.105078125
0 0.54453125 0.9578125 0.0609375 0.084375
0 0.48125 0.9390625 0.10390625 0.1046875
0 0.4984375 0.89609375 0.090625 0.191796875
0 0.53984375 0.56953125 0.117578125 0.11796875
0 0.30703125 0.52578125 0.094921875 0.176171875
0 0.26796875 0.47109375 0.0859375 0.1765625
0 0.0703125 0.49921875 0.11875 0.11875
0 0.246875 0.69375 0.117578125 0.11796875
0 0.30859375 0.35546875 0.094921875 0.148828125
0 0.49765625 0.58046875 0.08125 0.1203125