0 0.4640625 0.7546875 0.078125 0.196875
0 0.5296875 0.7296875 0.118359375 0.11875
0 0.60390625 0.61171875 0.10703125 0.10703125
0 0.62265625 0.484375 0.11484375 0.115625
0 0.57734375 0.4 0.092578125 0.18046875
0 0.6546875 0.24609375 0.109765625 0.11015625
0 0.59140625 0.25546875 0.0703125 0.194921875
0 0.8203125 0.44453125 0.116015625 0.11640625
0 0.1921875 0.50703125 0.141796875 0.141796875
0 0.1234375 0.2046875 0.106640625 0.20859375
0 0.3875 0.08203125 0.09453125 0.1640625
0 0.34453125 0.37578125 0.117578125 0.117578125
0 0.39609375 0.37890625 0.1140625 0.1140625