0 0.4640625 0.2453125 0.1375 0.1375
0 0.5296875 0.2703125 0.118359375 0.11875
0 0.60390625 0.38828125 0.06875 0.1453125
0 0.62265625 0.515625 0.11484375 0.115625
0 0.57734375 0.6 0.137109375 0.1359375
0 0.6546875 0.75390625 0.071484375 0.1484375
0 0.59140625 0.74453125 0.0703125 0.194921875
0 0.8203125 0.55546875 0.116015625 0.11640625
0 0.1921875 0.49296875 0.141796875 0.141796875
0 0.1234375 0.7953125 0.158203125 0.15703125
0 0.3875 0.91796875 0.1296875 0.12890625
0 0.34453125 0.62421875 0.117578125 0.117578125
0 0.39609375 0.62109375 0.1140625 0.1140625