0 0.3203125 0.55234375 0.084375 0.1859375
0 0.278125 0.26171875 0.12421875 0.123828125
0 0.328125 0.0703125 0.06875 0.134765625
0 0.42734375 0.071875 0.105078125 0.105078125
0 0.45546875 0.0421875 0.07265625 0.07265625
0 0.51875 0.0609375 0.10390625 0.1046875
0 0.5015625 0.10390625 0.14140625 0.141015625
0 0.46015625 0.43046875 0.117578125 0.11796875
0 0.69296875 0.47421875 0.094921875 0.176171875
0 0.73203125 0.52890625 0.13125 0.13125
0 0.9296875 0.50078125 0.11875 0.11875
0 0.753125 0.30625 0.117578125 0.11796875
0 0.69140625 0.64453125 0.121484375 0.122265625
0 0.50234375 0.41953125 0.10078125 0.10078125