0 0.4484375 0.76796875 0.14765625 0.14765625
0 0.6578125 0.9671875 0.065625 0.065625
0 0.55703125 0.94765625 0.09921875 0.099609375
0 0.40078125 0.71875 0.075 0.15078125
0 0.265625 0.7015625 0.101953125 0.10234375
0 0.32421875 0.4890625 0.134375 0.13515625
0 0.18203125 0.23984375 0.15859375 0.15859375
0 0.29609375 0.121875 0.128125 0.128125
0 0.32109375 0.22890625 0.091796875 0.176171875
0 0.521875 0.30859375 0.170703125 0.170703125
0 0.4609375 0.43046875 0.101953125 0.1015625
0 0.58359375 0.44921875 0.084375 0.1640625
0 0.646875 0.440625 0.125390625 0.125
0 0.48046875 0.7328125 0.063671875 0.175390625