0 0.5515625 0.23203125 0.09375 0.2015625
0 0.34140625 0.03203125 0.073046875 0.058203125
0 0.44296875 0.05234375 0.09921875 0.099609375
0 0.59921875 0.28125 0.075 0.15078125
0 0.734375 0.2984375 0.056640625 0.14765625
0 0.67578125 0.5109375 0.078125 0.19140625
0 0.81796875 0.76015625 0.15859375 0.15859375
0 0.70390625 0.878125 0.128125 0.128125
0 0.67890625 0.77109375 0.133984375 0.133984375
0 0.478125 0.69140625 0.118359375 0.223046875
0 0.5390625 0.56953125 0.101953125 0.1015625
0 0.41640625 0.55078125 0.12421875 0.12421875
0 0.353125 0.559375 0.125390625 0.125
0 0.51953125 0.2671875 0.119140625 0.119921875