0 0.4484375 0.23203125 0.09375 0.2015625
0 0.6578125 0.0328125 0.065625 0.065625
0 0.55703125 0.05234375 0.09921875 0.099609375
0 0.40078125 0.28125 0.1125 0.11328125
0 0.265625 0.2984375 0.101953125 0.10234375
0 0.32421875 0.5109375 0.134375 0.13515625
0 0.18203125 0.76015625 0.15859375 0.15859375
0 0.29609375 0.878125 0.090625 0.165625
0 0.32109375 0.77109375 0.091796875 0.176171875
0 0.521875 0.69140625 0.118359375 0.223046875
0 0.4609375 0.56953125 0.101953125 0.1015625
0 0.58359375 0.55078125 0.12421875 0.12421875
0 0.646875 0.559375 0.094140625 0.15625
0 0.48046875 0.2671875 0.063671875 0.175390625