0 0.49921875 0.3328125 0.18515625 0.185546875
0 0.4390625 0.4375 0.078515625 0.17578125
0 0.3625 0.2953125 0.172265625 0.171484375
0 0.64296875 0.265625 0.164453125 0.165234375
0 0.49453125 0.08203125 0.0953125 0.1640625
0 0.709375 0.54921875 0.112109375 0.1125
0 0.6359375 0.53671875 0.159375 0.158984375
0 0.646875 0.71953125 0.182421875 0.1828125
0 0.77421875 0.83828125 0.1640625 0.163671875
0 0.71875 0.85234375 0.143359375 0.142578125
0 0.64609375 0.87578125 0.1015625 0.226953125
0 0.596875 0.8 0.1703125 0.170703125
0 0.371875 0.765625 0.16484375 0.165234375
0 0.2484375 0.81796875 0.128125 0.2796875