0 0.50078125 0.3328125 0.1203125 0.250390625
0 0.5609375 0.4375 0.126953125 0.12734375
0 0.6375 0.2953125 0.100390625 0.243359375
0 0.35703125 0.265625 0.164453125 0.165234375
0 0.50546875 0.08203125 0.1296875 0.1296875
0 0.290625 0.54921875 0.112109375 0.1125
0 0.3640625 0.53671875 0.159375 0.158984375
0 0.353125 0.71953125 0.182421875 0.1828125
0 0.22578125 0.83828125 0.1015625 0.226171875
0 0.28125 0.85234375 0.143359375 0.142578125
0 0.35390625 0.87578125 0.1640625 0.164453125
0 0.403125 0.8 0.1703125 0.170703125
0 0.628125 0.765625 0.16484375 0.165234375
0 0.7515625 0.81796875 0.20390625 0.20390625