0 0.49921875 0.6671875 0.18515625 0.185546875
0 0.4390625 0.5625 0.078515625 0.17578125
0 0.3625 0.7046875 0.172265625 0.171484375
0 0.64296875 0.734375 0.164453125 0.165234375
0 0.49453125 0.91796875 0.1296875 0.1296875
0 0.709375 0.45078125 0.068359375 0.15625
0 0.6359375 0.46328125 0.10390625 0.214453125
0 0.646875 0.28046875 0.182421875 0.1828125
0 0.77421875 0.16171875 0.1015625 0.226171875
0 0.71875 0.14765625 0.143359375 0.142578125
0 0.64609375 0.12421875 0.1015625 0.226953125
0 0.596875 0.2 0.1703125 0.170703125
0 0.371875 0.234375 0.16484375 0.165234375
0 0.2484375 0.18203125 0.128125 0.2796875