0 0.28125 0.89921875 0.166015625 0.166796875
0 0.1484375 0.88671875 0.153515625 0.221875
0 0.7015625 0.91484375 0.12265625 0.121875
0 0.62734375 0.71484375 0.13671875 0.13671875
0 0.7765625 0.73984375 0.131640625 0.251171875
0 0.81796875 0.67578125 0.1140625 0.2375
0 0.90625 0.51484375 0.1875 0.1921875
0 0.921875 0.03984375 0.1 0.0796875
0 0.76484375 0.078125 0.15625 0.15625
0 0.3765625 0.11328125 0.1671875 0.167578125
0 0.26640625 0.09140625 0.1703125 0.1703125
0 0.2953125 0.1796875 0.20234375 0.203125