0 0.67734375 0.44921875 0.238671875 0.238671875
0 0.73984375 0.38046875 0.192578125 0.253125
0 0.66953125 0.334375 0.171875 0.172265625
0 0.72109375 0.27890625 0.17890625 0.17890625
0 0.54140625 0.44453125 0.21328125 0.212890625
0 0.1546875 0.065625 0.128515625 0.125
0 0.32734375 0.328125 0.258984375 0.258203125
0 0.19609375 0.3765625 0.35390625 0.353515625
0 0.21953125 0.6875 0.18359375 0.183984375
0 0.3 0.68515625 0.137109375 0.3
0 0.40234375 0.6265625 0.123828125 0.291015625
0 0.446875 0.68828125 0.196875 0.196484375