0 0.71875 0.89921875 0.166015625 0.166796875
0 0.8515625 0.88671875 0.153515625 0.221875
0 0.2984375 0.91484375 0.12265625 0.121875
0 0.37265625 0.71484375 0.13671875 0.13671875
0 0.2234375 0.73984375 0.191796875 0.191015625
0 0.18203125 0.67578125 0.17578125 0.17578125
0 0.09375 0.51484375 0.1875 0.1921875
0 0.078125 0.03984375 0.1 0.0796875
0 0.23515625 0.078125 0.15625 0.15625
0 0.6234375 0.11328125 0.1671875 0.167578125
0 0.73359375 0.09140625 0.1703125 0.1703125
0 0.7046875 0.1796875 0.12734375 0.278125