0 0.28125 0.10078125 0.166015625 0.166796875
0 0.1484375 0.11328125 0.187890625 0.1875
0 0.7015625 0.08515625 0.12265625 0.121875
0 0.62734375 0.28515625 0.078125 0.1953125
0 0.7765625 0.26015625 0.131640625 0.251171875
0 0.81796875 0.32421875 0.17578125 0.17578125
0 0.90625 0.48515625 0.1875 0.1921875
0 0.92109375 0.96953125 0.1375 0.060546875
0 0.76484375 0.921875 0.15625 0.15625
0 0.3765625 0.88671875 0.1671875 0.167578125
0 0.26640625 0.90859375 0.1578125 0.1828125
0 0.2953125 0.8203125 0.12734375 0.278125