0 0.32265625 0.55078125 0.238671875 0.238671875
0 0.26015625 0.61953125 0.192578125 0.253125
0 0.33046875 0.665625 0.171875 0.172265625
0 0.27890625 0.72109375 0.17890625 0.17890625
0 0.45859375 0.55546875 0.21328125 0.212890625
0 0.8453125 0.934375 0.126953125 0.1265625
0 0.67265625 0.671875 0.258984375 0.258203125
0 0.80390625 0.6234375 0.2265625 0.480859375
0 0.78046875 0.3125 0.18359375 0.183984375
0 0.7 0.31484375 0.218359375 0.21875
0 0.59765625 0.3734375 0.123828125 0.291015625
0 0.553125 0.31171875 0.196875 0.196484375