0 0.47890625 0.52734375 0.151171875 0.279296875
0 0.69375 0.4328125 0.166015625 0.328125
0 0.86796875 0.0859375 0.1390625 0.166015625
0 0.83515625 0.48359375 0.233203125 0.501953125
0 0.62578125 0.690625 0.2125 0.212890625
0 0.56796875 0.74765625 0.205078125 0.2046875
0 0.72421875 0.75234375 0.22421875 0.22421875
0 0.8125 0.76171875 0.1875 0.186328125
0 0.3453125 0.52734375 0.237890625 0.23828125
0 0.36015625 0.38671875 0.15390625 0.154296875
0 0.25390625 0.46875 0.129296875 0.19296875
0 0.28515625 0.325 0.15234375 0.151953125