0 0.47890625 0.52734375 0.215234375 0.215234375
0 0.69375 0.4328125 0.166015625 0.328125
0 0.86796875 0.0859375 0.1390625 0.166015625
0 0.82578125 0.484375 0.3484375 0.36875
0 0.62578125 0.690625 0.2125 0.212890625
0 0.56796875 0.74765625 0.205078125 0.2046875
0 0.72421875 0.75234375 0.1390625 0.309375
0 0.8125 0.76171875 0.11953125 0.254296875
0 0.3453125 0.52734375 0.237890625 0.23828125
0 0.36015625 0.38671875 0.15390625 0.154296875
0 0.25390625 0.46875 0.161328125 0.1609375
0 0.28515625 0.325 0.0984375 0.205859375