0 0.47890625 0.47265625 0.215234375 0.215234375
0 0.69375 0.5671875 0.166015625 0.328125
0 0.86796875 0.9140625 0.15234375 0.152734375
0 0.82578125 0.515625 0.3484375 0.36875
0 0.62578125 0.309375 0.128125 0.297265625
0 0.56796875 0.25234375 0.117578125 0.2921875
0 0.72421875 0.24765625 0.22421875 0.22421875
0 0.8125 0.23828125 0.11953125 0.254296875
0 0.3453125 0.47265625 0.237890625 0.23828125
0 0.36015625 0.61328125 0.15390625 0.154296875
0 0.25390625 0.53125 0.129296875 0.19296875
0 0.28515625 0.675 0.0984375 0.205859375