0 0.29375 0.34609375 0.15 0.3421875
0 0.22890625 0.18515625 0.12734375 0.12734375
0 0.3703125 0.4109375 0.130078125 0.1296875
0 0.44453125 0.39765625 0.121875 0.121875
0 0.50390625 0.83203125 0.10234375 0.10234375
0 0.4625 0.78203125 0.069140625 0.1859375
0 0.4421875 0.85625 0.10390625 0.103125
0 0.4734375 0.94375 0.090625 0.112109375
0 0.55234375 0.95390625 0.0953125 0.0921875
0 0.07890625 0.8140625 0.145703125 0.303515625
0 0.70703125 0.5734375 0.08125 0.153125
0 0.7859375 0.5171875 0.13828125 0.13828125
0 0.8953125 0.5671875 0.09609375 0.096484375
0 0.84921875 0.59765625 0.109375 0.109375