0 0.70625 0.65390625 0.24609375 0.24609375
0 0.77109375 0.81484375 0.12734375 0.12734375
0 0.6296875 0.5890625 0.091015625 0.16875
0 0.55546875 0.60234375 0.084375 0.159375
0 0.49609375 0.16796875 0.06875 0.1359375
0 0.5375 0.21796875 0.127734375 0.12734375
0 0.5578125 0.14375 0.07890625 0.128125
0 0.5265625 0.05625 0.090625 0.112109375
0 0.4484375 0.0453125 0.09765625 0.090625
0 0.90390625 0.18515625 0.1921875 0.2234375
0 0.29296875 0.4265625 0.08125 0.153125
0 0.2140625 0.4828125 0.13828125 0.13828125
0 0.1046875 0.4328125 0.09609375 0.096484375
0 0.15078125 0.40234375 0.109375 0.109375