0 0.31875 0.6453125 0.062890625 0.143359375
0 0.2359375 0.6703125 0.133984375 0.133984375
0 0.14140625 0.58203125 0.133203125 0.133203125
0 0.253125 0.08203125 0.116015625 0.11640625
0 0.3859375 0.22578125 0.11640625 0.116015625
0 0.46328125 0.23515625 0.112890625 0.11328125
0 0.534375 0.2390625 0.121484375 0.12265625
0 0.56171875 0.31484375 0.10546875 0.10546875
0 0.509375 0.365625 0.07421875 0.158984375
0 0.56328125 0.77578125 0.109765625 0.11015625
0 0.728125 0.91484375 0.144140625 0.14453125
0 0.91796875 0.53828125 0.134375 0.3078125