0 0.68125 0.3546875 0.103515625 0.102734375
0 0.7640625 0.3296875 0.093359375 0.174609375
0 0.85859375 0.41796875 0.133203125 0.133203125
0 0.746875 0.91796875 0.116015625 0.11640625
0 0.6140625 0.77421875 0.11640625 0.116015625
0 0.53671875 0.76484375 0.112890625 0.11328125
0 0.465625 0.7609375 0.121484375 0.12265625
0 0.43828125 0.68515625 0.10546875 0.10546875
0 0.490625 0.634375 0.11640625 0.116796875
0 0.43671875 0.22421875 0.076171875 0.14375
0 0.271875 0.08515625 0.144140625 0.14453125
0 0.096875 0.4625 0.19375 0.221875