0 0.31875 0.3546875 0.062890625 0.143359375
0 0.2359375 0.3296875 0.093359375 0.174609375
0 0.14140625 0.41796875 0.133203125 0.133203125
0 0.253125 0.91796875 0.068359375 0.1640625
0 0.3859375 0.77421875 0.11640625 0.116015625
0 0.46328125 0.76484375 0.112890625 0.11328125
0 0.534375 0.7609375 0.121484375 0.12265625
0 0.56171875 0.68515625 0.10546875 0.10546875
0 0.509375 0.634375 0.07421875 0.158984375
0 0.56328125 0.22421875 0.076171875 0.14375
0 0.728125 0.08515625 0.144140625 0.14453125
0 0.903125 0.4625 0.19375 0.221875