0 0.475 0.496875 0.121484375 0.258984375
0 0.446875 0.72421875 0.116015625 0.116796875
0 0.75546875 0.6203125 0.09453125 0.094140625
0 0.8671875 0.79296875 0.103515625 0.221875
0 0.775 0.4875 0.103515625 0.103515625
0 0.73984375 0.50546875 0.089453125 0.08984375
0 0.61953125 0.2796875 0.111328125 0.222265625
0 0.6703125 0.1890625 0.087890625 0.18125
0 0.51328125 0.31953125 0.10234375 0.102734375
0 0.44609375 0.23984375 0.12421875 0.124609375
0 0.3765625 0.2140625 0.117578125 0.117578125
0 0.3140625 0.1078125 0.087890625 0.159375