0 0.525 0.503125 0.190234375 0.190234375
0 0.553125 0.27578125 0.074609375 0.158203125
0 0.24453125 0.3796875 0.09453125 0.094140625
0 0.1328125 0.20703125 0.162890625 0.1625
0 0.225 0.5125 0.066015625 0.141015625
0 0.26015625 0.49453125 0.089453125 0.08984375
0 0.38046875 0.7203125 0.166796875 0.166796875
0 0.3296875 0.8109375 0.134765625 0.134375
0 0.48671875 0.68046875 0.10234375 0.102734375
0 0.55390625 0.76015625 0.078125 0.170703125
0 0.6234375 0.7859375 0.117578125 0.117578125
0 0.6859375 0.8921875 0.087890625 0.159375