0 0.71015625 0.77890625 0.103515625 0.103125
0 0.66875 0.78828125 0.108203125 0.108203125
0 0.47578125 0.89453125 0.09140625 0.091015625
0 0.4578125 0.8765625 0.09296875 0.09453125
0 0.4390625 0.78984375 0.09140625 0.09140625
0 0.73671875 0.3203125 0.05390625 0.0546875
0 0.67890625 0.29140625 0.0515625 0.051953125
0 0.6234375 0.48671875 0.103125 0.104296875
0 0.48203125 0.228125 0.038671875 0.049609375
0 0.49296875 0.1421875 0.051171875 0.075
0 0.23515625 0.13828125 0.052734375 0.053515625
0 0.32109375 0.39296875 0.05390625 0.05390625