0 0.28984375 0.77890625 0.058203125 0.1484375
0 0.33125 0.78828125 0.108203125 0.108203125
0 0.52421875 0.89453125 0.09140625 0.091015625
0 0.5421875 0.8765625 0.09296875 0.09453125
0 0.5609375 0.78984375 0.09140625 0.09140625
0 0.26328125 0.3203125 0.05390625 0.0546875
0 0.32109375 0.29140625 0.0515625 0.051953125
0 0.3765625 0.48671875 0.103125 0.104296875
0 0.51796875 0.228125 0.044140625 0.044140625
0 0.50703125 0.1421875 0.062890625 0.06328125
0 0.76484375 0.13828125 0.052734375 0.053515625
0 0.67890625 0.39296875 0.046875 0.0609375