0 0.35546875 0.725 0.062109375 0.061328125
0 0.39375 0.7234375 0.01953125 0.053125
0 0.42265625 0.70078125 0.026171875 0.0734375
0 0.5953125 0.75078125 0.078125 0.077734375
0 0.63125 0.85234375 0.05546875 0.155078125
0 0.67109375 0.8859375 0.064453125 0.140625
0 0.7578125 0.59296875 0.061328125 0.06171875
0 0.78828125 0.5875 0.072265625 0.071875
0 0.78125 0.446875 0.062890625 0.0625
0 0.9234375 0.61171875 0.0703125 0.069921875
0 0.91171875 0.67578125 0.062109375 0.062890625
0 0.89453125 0.6921875 0.059765625 0.060546875