0 0.29375 0.10625 0.062109375 0.159375
0 0.33671875 0.0796875 0.061328125 0.150390625
0 0.28046875 0.2296875 0.0453125 0.118359375
0 0.4625 0.37421875 0.0546875 0.05546875
0 0.02109375 0.2828125 0.0421875 0.059375
0 0.0734375 0.284375 0.046875 0.046875
0 0.09765625 0.3046875 0.0546875 0.05546875
0 0.48984375 0.371875 0.038671875 0.094140625
0 0.496875 0.52265625 0.060546875 0.060546875
0 0.96953125 0.32265625 0.0578125 0.130078125
0 0.61171875 0.340625 0.05859375 0.058203125
0 0.6 0.28203125 0.028515625 0.076953125
0 0.58671875 0.26796875 0.054296875 0.0546875