0 0.70625 0.10625 0.062109375 0.159375
0 0.66328125 0.0796875 0.105859375 0.105859375
0 0.71953125 0.2296875 0.08203125 0.081640625
0 0.5375 0.37421875 0.0546875 0.05546875
0 0.97890625 0.2828125 0.0421875 0.059375
0 0.9265625 0.284375 0.046875 0.046875
0 0.90234375 0.3046875 0.0546875 0.05546875
0 0.51015625 0.371875 0.066015625 0.066796875
0 0.503125 0.52265625 0.060546875 0.060546875
0 0.03046875 0.32265625 0.0578125 0.130078125
0 0.38828125 0.340625 0.0296875 0.087109375
0 0.4 0.28203125 0.028515625 0.076953125
0 0.41328125 0.26796875 0.054296875 0.0546875