0 0.64453125 0.725 0.062109375 0.061328125
0 0.60625 0.7234375 0.03671875 0.0359375
0 0.57734375 0.70078125 0.049609375 0.05
0 0.4046875 0.75078125 0.04140625 0.114453125
0 0.36875 0.85234375 0.1046875 0.105859375
0 0.32890625 0.8859375 0.102734375 0.10234375
0 0.2421875 0.59296875 0.061328125 0.06171875
0 0.21171875 0.5875 0.038671875 0.10546875
0 0.21875 0.446875 0.062890625 0.0625
0 0.0765625 0.61171875 0.0703125 0.069921875
0 0.08828125 0.67578125 0.032421875 0.092578125
0 0.10546875 0.6921875 0.059765625 0.060546875