0 0.29375 0.89375 0.062109375 0.159375
0 0.33671875 0.9203125 0.105859375 0.105859375
0 0.28046875 0.7703125 0.08203125 0.081640625
0 0.4625 0.62578125 0.0546875 0.05546875
0 0.01328125 0.71640625 0.0265625 0.0921875
0 0.0734375 0.715625 0.025 0.06875
0 0.09765625 0.6953125 0.03125 0.07890625
0 0.48984375 0.628125 0.066015625 0.066796875
0 0.496875 0.47734375 0.060546875 0.060546875
0 0.96953125 0.67734375 0.0578125 0.130078125
0 0.61171875 0.659375 0.05859375 0.058203125
0 0.6 0.71796875 0.052734375 0.052734375
0 0.58671875 0.73203125 0.054296875 0.0546875