0 0.821875 0.3890625 0.034765625 0.07890625
0 0.7828125 0.4109375 0.039453125 0.039453125
0 0.75390625 0.37734375 0.0484375 0.048046875
0 0.5890625 0.41796875 0.06796875 0.068359375
0 0.56875 0.4890625 0.046875 0.125390625
0 0.53359375 0.51796875 0.088671875 0.08828125
0 0.984375 0.63203125 0.03046875 0.123046875
0 0.42578125 0.7796875 0.051953125 0.0515625
0 0.4 0.865625 0.0578125 0.057421875
0 0.48359375 0.93359375 0.035546875 0.092578125
0 0.1828125 0.6734375 0.0578125 0.057421875
0 0.16015625 0.70703125 0.038671875 0.0921875
0 0.4375 0.290625 0.055859375 0.056640625
0 0.41171875 0.2890625 0.059765625 0.059765625
0 0.41015625 0.1609375 0.0609375 0.060546875
0 0.29921875 0.31796875 0.05078125 0.051171875
0 0.30859375 0.3734375 0.05 0.049609375
0 0.32578125 0.390625 0.0296875 0.074609375