0 0.178125 0.6109375 0.056640625 0.05703125
0 0.2171875 0.5890625 0.039453125 0.039453125
0 0.24609375 0.62265625 0.0484375 0.048046875
0 0.4109375 0.58203125 0.06796875 0.068359375
0 0.43125 0.5109375 0.046875 0.125390625
0 0.46640625 0.48203125 0.088671875 0.08828125
0 0.0265625 0.3671875 0.053125 0.078125
0 0.57421875 0.2203125 0.051953125 0.0515625
0 0.6 0.134375 0.0578125 0.057421875
0 0.51640625 0.06640625 0.035546875 0.092578125
0 0.8171875 0.3265625 0.0578125 0.057421875
0 0.83984375 0.29296875 0.065234375 0.065625
0 0.5625 0.709375 0.055859375 0.056640625
0 0.58828125 0.7109375 0.032421875 0.087109375
0 0.58984375 0.8390625 0.034375 0.087109375
0 0.70078125 0.68203125 0.05078125 0.051171875
0 0.69140625 0.6265625 0.05 0.049609375
0 0.67421875 0.609375 0.05234375 0.051953125