0 0.821875 0.6109375 0.056640625 0.05703125
0 0.7828125 0.5890625 0.039453125 0.039453125
0 0.75390625 0.62265625 0.0484375 0.048046875
0 0.5890625 0.58203125 0.06796875 0.068359375
0 0.56875 0.5109375 0.0859375 0.086328125
0 0.53359375 0.48203125 0.048828125 0.128125
0 0.9734375 0.3671875 0.053125 0.078125
0 0.42578125 0.2203125 0.026171875 0.07734375
0 0.4 0.134375 0.025 0.090234375
0 0.48359375 0.06640625 0.063671875 0.064453125
0 0.1828125 0.3265625 0.0578125 0.057421875
0 0.16015625 0.29296875 0.065234375 0.065625
0 0.4375 0.709375 0.055859375 0.056640625
0 0.41171875 0.7109375 0.032421875 0.087109375
0 0.41015625 0.8390625 0.0609375 0.060546875
0 0.29921875 0.68203125 0.05078125 0.051171875
0 0.30859375 0.6265625 0.05 0.049609375
0 0.32578125 0.609375 0.05234375 0.051953125