0 0.54296875 0.79140625 0.03125 0.079296875
0 0.55546875 0.74765625 0.049609375 0.050390625
0 0.53125 0.7296875 0.0546875 0.05546875
0 0.31171875 0.4328125 0.026171875 0.071875
0 0.1703125 0.4890625 0.03125 0.07734375
0 0.1515625 0.50234375 0.05546875 0.055078125
0 0.33515625 0.4296875 0.0234375 0.071484375
0 0.35 0.42890625 0.04453125 0.04453125
0 0.76640625 0.4953125 0.041015625 0.04140625
0 0.7515625 0.48671875 0.040625 0.040625
0 0.75859375 0.56328125 0.04453125 0.044921875
0 0.88359375 0.61640625 0.04296875 0.043359375