0 0.45703125 0.20859375 0.05546875 0.055078125
0 0.44453125 0.25234375 0.049609375 0.050390625
0 0.46875 0.2703125 0.03125 0.07890625
0 0.68828125 0.5671875 0.026171875 0.071875
0 0.8296875 0.5109375 0.03125 0.07734375
0 0.8484375 0.49765625 0.05546875 0.055078125
0 0.66484375 0.5703125 0.0234375 0.071484375
0 0.65 0.57109375 0.04453125 0.04453125
0 0.23359375 0.5046875 0.041015625 0.04140625
0 0.2484375 0.51328125 0.021875 0.059375
0 0.24140625 0.43671875 0.025 0.064453125
0 0.11640625 0.38359375 0.04296875 0.043359375