0 0.54296875 0.20859375 0.05546875 0.055078125
0 0.55546875 0.25234375 0.029296875 0.070703125
0 0.53125 0.2703125 0.0546875 0.05546875
0 0.31171875 0.5671875 0.026171875 0.071875
0 0.1703125 0.5109375 0.0546875 0.05390625
0 0.1515625 0.49765625 0.05546875 0.055078125
0 0.33515625 0.5703125 0.04765625 0.047265625
0 0.35 0.57109375 0.025 0.0640625
0 0.76640625 0.5046875 0.041015625 0.04140625
0 0.7515625 0.51328125 0.021875 0.059375
0 0.75859375 0.43671875 0.04453125 0.044921875
0 0.88359375 0.38359375 0.04296875 0.043359375