0 0.45 0.5640625 0.08125 0.20390625
0 0.57734375 0.59453125 0.15234375 0.15234375
0 0.43671875 0.1375 0.044921875 0.118359375
0 0.5734375 0.17265625 0.084375 0.2203125
0 0.6671875 0.24375 0.05859375 0.150390625
0 0.6828125 0.3765625 0.072265625 0.159375
0 0.7125 0.50703125 0.14140625 0.140625
0 0.765625 0.5109375 0.17421875 0.175
0 0.74921875 0.68828125 0.109765625 0.109765625
0 0.64296875 0.83984375 0.14296875 0.14296875
0 0.46796875 0.92109375 0.074609375 0.07421875
0 0.203125 0.4453125 0.108984375 0.18125