0 0.55 0.5640625 0.08125 0.20390625
0 0.42265625 0.59453125 0.0953125 0.209375
0 0.56328125 0.1375 0.081640625 0.081640625
0 0.4265625 0.17265625 0.15234375 0.15234375
0 0.3328125 0.24375 0.05859375 0.150390625
0 0.3171875 0.3765625 0.072265625 0.159375
0 0.2875 0.50703125 0.14140625 0.140625
0 0.234375 0.5109375 0.10546875 0.24375
0 0.25078125 0.68828125 0.109765625 0.109765625
0 0.35703125 0.83984375 0.08125 0.2046875
0 0.53203125 0.92109375 0.074609375 0.07421875
0 0.796875 0.4453125 0.108984375 0.18125