0 0.55 0.4359375 0.1421875 0.14296875
0 0.42265625 0.40546875 0.0953125 0.209375
0 0.56328125 0.8625 0.081640625 0.081640625
0 0.4265625 0.82734375 0.15234375 0.15234375
0 0.3328125 0.75625 0.10390625 0.105078125
0 0.3171875 0.6234375 0.116015625 0.115625
0 0.2875 0.49296875 0.10078125 0.18125
0 0.234375 0.4890625 0.10546875 0.24375
0 0.25078125 0.31171875 0.070703125 0.148828125
0 0.35703125 0.16015625 0.14296875 0.14296875
0 0.53203125 0.07890625 0.048828125 0.1
0 0.796875 0.5546875 0.144921875 0.1453125