0 0.68359375 0.91640625 0.13671875 0.13671875
0 0.59609375 0.8984375 0.148046875 0.187109375
0 0.37734375 0.94296875 0.188671875 0.1140625
0 0.396875 0.78203125 0.2890625 0.2890625
0 0.24765625 0.8140625 0.15625 0.312109375
0 0.1171875 0.9078125 0.181640625 0.18125
0 0.84921875 0.09765625 0.2859375 0.189453125
0 0.89375 0.271875 0.2125 0.215625
0 0.72265625 0.1359375 0.2078125 0.208203125
0 0.29453125 0.18515625 0.116796875 0.25
0 0.22578125 0.16796875 0.1671875 0.167578125
0 0.74921875 0.4265625 0.116796875 0.287109375