0 0.68359375 0.91640625 0.10625 0.1671875
0 0.59609375 0.8984375 0.167578125 0.167578125
0 0.378125 0.93359375 0.15 0.1328125
0 0.396875 0.78203125 0.2890625 0.2890625
0 0.24765625 0.8140625 0.15625 0.312109375
0 0.1171875 0.9078125 0.178515625 0.184375
0 0.85 0.10859375 0.2375 0.2171875
0 0.89453125 0.27109375 0.140625 0.291796875
0 0.72265625 0.1359375 0.2078125 0.208203125
0 0.29453125 0.18515625 0.116796875 0.25
0 0.22578125 0.16796875 0.1671875 0.167578125
0 0.74921875 0.4265625 0.201953125 0.201953125