0 0.31640625 0.91640625 0.13671875 0.13671875
0 0.40390625 0.8984375 0.148046875 0.187109375
0 0.621875 0.93359375 0.15 0.1328125
0 0.603125 0.78203125 0.2890625 0.2890625
0 0.75234375 0.8140625 0.15625 0.312109375
0 0.8828125 0.9078125 0.178515625 0.184375
0 0.15078125 0.09765625 0.2859375 0.189453125
0 0.10546875 0.27109375 0.140625 0.291796875
0 0.27734375 0.1359375 0.2078125 0.208203125
0 0.70546875 0.18515625 0.116796875 0.25
0 0.77421875 0.16796875 0.1671875 0.167578125
0 0.25078125 0.4265625 0.201953125 0.201953125