0 0.2828125 0.3078125 0.15078125 0.15078125
0 0.50390625 0.41796875 0.184765625 0.183984375
0 0.5390625 0.42890625 0.112890625 0.19375
0 0.55234375 0.14609375 0.092578125 0.169921875
0 0.19921875 0.51953125 0.18359375 0.183984375
0 0.2234375 0.89921875 0.167578125 0.167578125
0 0.55234375 0.8859375 0.085546875 0.183984375
0 0.60546875 0.7140625 0.1328125 0.133203125
0 0.65546875 0.79609375 0.124609375 0.124609375
0 0.696875 0.08125 0.12890625 0.130078125
0 0.80546875 0.11015625 0.085546875 0.165625