0 0.2828125 0.6921875 0.09765625 0.20390625
0 0.50390625 0.58203125 0.130078125 0.238671875
0 0.5390625 0.57109375 0.112890625 0.19375
0 0.55234375 0.85390625 0.092578125 0.169921875
0 0.19921875 0.48046875 0.18359375 0.183984375
0 0.2234375 0.10078125 0.133984375 0.201171875
0 0.55234375 0.1140625 0.085546875 0.183984375
0 0.60546875 0.2859375 0.1328125 0.133203125
0 0.65546875 0.20390625 0.082421875 0.166796875
0 0.696875 0.91875 0.12890625 0.130078125
0 0.80546875 0.88984375 0.125390625 0.12578125