0 0.528125 0.4265625 0.126953125 0.1265625
0 0.565625 0.2484375 0.07734375 0.078125
0 0.67421875 0.3328125 0.10625 0.105859375
0 0.646875 0.39609375 0.062109375 0.0953125
0 0.6015625 0.40859375 0.07578125 0.07578125
0 0.3859375 0.4671875 0.075390625 0.17265625
0 0.3625 0.3796875 0.09609375 0.095703125
0 0.33125 0.52734375 0.1078125 0.107421875
0 0.2640625 0.65078125 0.115234375 0.11484375
0 0.2140625 0.7515625 0.10625 0.10546875
0 0.66328125 0.60546875 0.121484375 0.12109375
0 0.5921875 0.609375 0.125390625 0.12421875
0 0.57109375 0.51875 0.140625 0.140234375
0 0.8046875 0.38125 0.105859375 0.10703125
0 0.7625 0.77890625 0.112109375 0.111328125