0 0.528125 0.5734375 0.126953125 0.1265625
0 0.565625 0.7515625 0.07734375 0.078125
0 0.67421875 0.6671875 0.10625 0.105859375
0 0.646875 0.60390625 0.078515625 0.07890625
0 0.6015625 0.59140625 0.07578125 0.07578125
0 0.3859375 0.5328125 0.123828125 0.12421875
0 0.3625 0.6203125 0.05703125 0.134765625
0 0.33125 0.47265625 0.1078125 0.107421875
0 0.2640625 0.34921875 0.115234375 0.11484375
0 0.2140625 0.2484375 0.078125 0.13359375
0 0.66328125 0.39453125 0.121484375 0.12109375
0 0.5921875 0.390625 0.125390625 0.12421875
0 0.57109375 0.48125 0.140625 0.140234375
0 0.8046875 0.61875 0.105859375 0.10703125
0 0.7625 0.22109375 0.112109375 0.111328125