0 0.4828125 0.5734375 0.123828125 0.1234375
0 0.54140625 0.44765625 0.0859375 0.198828125
0 0.56171875 0.384375 0.11171875 0.112109375
0 0.7203125 0.4796875 0.080859375 0.187109375
0 0.775 0.353125 0.065234375 0.133984375
0 0.78359375 0.53671875 0.084375 0.1671875
0 0.859375 0.6640625 0.137890625 0.1375
0 0.52578125 0.24453125 0.091796875 0.0921875
0 0.43046875 0.33515625 0.069921875 0.138671875
0 0.475 0.39453125 0.05546875 0.086328125
0 0.315625 0.39375 0.09765625 0.09609375
0 0.43359375 0.61171875 0.1234375 0.1234375
0 0.33359375 0.78046875 0.10546875 0.105078125