0 0.4828125 0.4265625 0.123828125 0.1234375
0 0.54140625 0.55234375 0.1421875 0.142578125
0 0.56171875 0.615625 0.11171875 0.112109375
0 0.7203125 0.5203125 0.133984375 0.133984375
0 0.775 0.646875 0.099609375 0.099609375
0 0.78359375 0.46328125 0.12578125 0.12578125
0 0.859375 0.3359375 0.137890625 0.1375
0 0.52578125 0.75546875 0.091796875 0.0921875
0 0.43046875 0.66484375 0.104296875 0.104296875
0 0.475 0.60546875 0.0703125 0.071484375
0 0.315625 0.60625 0.09765625 0.09609375
0 0.43359375 0.38828125 0.1234375 0.1234375
0 0.33359375 0.21953125 0.10546875 0.105078125