0 0.4375 0.5171875 0.185546875 0.186328125
0 0.703125 0.5359375 0.178515625 0.17734375
0 0.79453125 0.6046875 0.174609375 0.17421875
0 0.915625 0.771875 0.109765625 0.209765625
0 0.81171875 0.37421875 0.075 0.165625
0 0.4703125 0.25859375 0.12109375 0.121484375
0 0.3703125 0.38515625 0.130859375 0.13046875
0 0.2453125 0.45 0.125 0.125390625
0 0.33203125 0.68359375 0.1765625 0.1765625
0 0.42265625 0.74609375 0.1 0.2078125
0 0.23828125 0.921875 0.0953125 0.15625
0 0.48203125 0.42578125 0.14296875 0.14296875