0 0.5625 0.5171875 0.185546875 0.186328125
0 0.296875 0.5359375 0.178515625 0.17734375
0 0.20546875 0.6046875 0.098828125 0.25
0 0.084375 0.771875 0.159765625 0.159765625
0 0.18828125 0.37421875 0.1203125 0.1203125
0 0.5296875 0.25859375 0.12109375 0.121484375
0 0.6296875 0.38515625 0.130859375 0.13046875
0 0.7546875 0.45 0.125 0.125390625
0 0.66796875 0.68359375 0.1765625 0.1765625
0 0.57734375 0.74609375 0.15390625 0.15390625
0 0.76171875 0.921875 0.12578125 0.12578125
0 0.51796875 0.42578125 0.1171875 0.16875