0 0.5625 0.4828125 0.185546875 0.186328125
0 0.296875 0.4640625 0.103515625 0.25234375
0 0.20546875 0.3953125 0.098828125 0.25
0 0.084375 0.228125 0.159765625 0.159765625
0 0.18828125 0.62578125 0.1203125 0.1203125
0 0.5296875 0.74140625 0.12109375 0.121484375
0 0.6296875 0.61484375 0.081640625 0.1796875
0 0.7546875 0.55 0.08125 0.169140625
0 0.66796875 0.31640625 0.1765625 0.1765625
0 0.57734375 0.25390625 0.15390625 0.15390625
0 0.76171875 0.078125 0.0953125 0.15625
0 0.51796875 0.57421875 0.14296875 0.14296875