0 0.4546875 0.50703125 0.102734375 0.2296875
0 0.7453125 0.3765625 0.107421875 0.107421875
0 0.74921875 0.5828125 0.134375 0.133984375
0 0.67421875 0.51953125 0.151171875 0.15078125
0 0.4515625 0.27890625 0.094140625 0.094140625
0 0.3515625 0.390625 0.12109375 0.12109375
0 0.22734375 0.46484375 0.113671875 0.113671875
0 0.37890625 0.63984375 0.1125 0.2234375
0 0.34765625 0.7234375 0.12734375 0.12734375
0 0.2453125 0.90703125 0.08125 0.159375
0 0.48828125 0.42890625 0.1265625 0.126171875
0 0.8453125 0.7171875 0.102734375 0.191015625