0 0.5453125 0.50703125 0.166015625 0.16640625
0 0.2546875 0.3765625 0.065234375 0.149609375
0 0.25078125 0.5828125 0.134375 0.133984375
0 0.32578125 0.51953125 0.089453125 0.2125
0 0.5484375 0.27890625 0.094140625 0.094140625
0 0.6484375 0.390625 0.12109375 0.12109375
0 0.77265625 0.46484375 0.113671875 0.113671875
0 0.62109375 0.63984375 0.1125 0.2234375
0 0.65234375 0.7234375 0.0953125 0.159375
0 0.7546875 0.90703125 0.1203125 0.1203125
0 0.51171875 0.42890625 0.1265625 0.126171875
0 0.1546875 0.7171875 0.146484375 0.147265625