0 0.5453125 0.49296875 0.166015625 0.16640625
0 0.2546875 0.6234375 0.107421875 0.107421875
0 0.25078125 0.4171875 0.084375 0.183984375
0 0.32578125 0.48046875 0.089453125 0.2125
0 0.5484375 0.72109375 0.065234375 0.123046875
0 0.6484375 0.609375 0.12109375 0.12109375
0 0.77265625 0.53515625 0.113671875 0.113671875
0 0.62109375 0.36015625 0.16796875 0.16796875
0 0.65234375 0.2765625 0.0953125 0.159375
0 0.7546875 0.09296875 0.1203125 0.1203125
0 0.51171875 0.57109375 0.0984375 0.154296875
0 0.1546875 0.2828125 0.102734375 0.191015625