0 0.38359375 0.21328125 0.29609375 0.29609375
0 0.3546875 0.075 0.15625 0.15
0 0.22421875 0.184375 0.1484375 0.315625
0 0.103125 0.08984375 0.1765625 0.17578125
0 0.57734375 0.10703125 0.163671875 0.164453125
0 0.67109375 0.08828125 0.145703125 0.144921875
0 0.846875 0.8921875 0.240625 0.215625
0 0.7234375 0.8625 0.18125 0.253515625
0 0.90390625 0.796875 0.1765625 0.391015625
0 0.73125 0.55859375 0.1765625 0.176953125
0 0.284375 0.8265625 0.178515625 0.17734375
0 0.2109375 0.83203125 0.178515625 0.178515625
0 0.05234375 0.94921875 0.0984375 0.098828125