0 0.61640625 0.21328125 0.29609375 0.29609375
0 0.64609375 0.071875 0.1703125 0.14375
0 0.77578125 0.184375 0.23203125 0.23203125
0 0.896875 0.08984375 0.1765625 0.17578125
0 0.42265625 0.10703125 0.163671875 0.164453125
0 0.32890625 0.08828125 0.145703125 0.144921875
0 0.153125 0.8921875 0.240625 0.215625
0 0.2765625 0.8625 0.18125 0.253515625
0 0.11875 0.79609375 0.2375 0.2828125
0 0.26875 0.55859375 0.1765625 0.176953125
0 0.715625 0.8265625 0.178515625 0.17734375
0 0.7890625 0.83203125 0.178515625 0.178515625
0 0.94765625 0.94921875 0.0984375 0.098828125