0 0.20703125 0.36875 0.13515625 0.134375
0 0.09609375 0.32421875 0.098828125 0.159375
0 0.39296875 0.07734375 0.101953125 0.1546875
0 0.19609375 0.86953125 0.090625 0.1921875
0 0.328125 0.73125 0.196484375 0.19765625
0 0.315625 0.603125 0.103515625 0.230859375
0 0.40859375 0.58515625 0.171484375 0.172265625
0 0.33984375 0.92578125 0.1171875 0.117578125
0 0.44453125 0.8625 0.196875 0.196484375
0 0.48984375 0.9296875 0.128125 0.128125
0 0.73125 0.8296875 0.17890625 0.180078125
0 0.81484375 0.91875 0.123828125 0.125
0 0.815625 0.75 0.174609375 0.175390625
0 0.93046875 0.54921875 0.1296875 0.233203125