0 0.8421875 0.58515625 0.1390625 0.1390625
0 0.72265625 0.378125 0.1875 0.1875
0 0.7046875 0.66640625 0.135546875 0.135546875
0 0.59296875 0.82421875 0.1421875 0.142578125
0 0.25 0.67265625 0.12265625 0.12265625
0 0.3546875 0.5109375 0.15625 0.155859375
0 0.334375 0.52734375 0.084765625 0.245703125
0 0.2515625 0.45 0.165625 0.166015625
0 0.140625 0.284375 0.13125 0.215234375
0 0.60859375 0.55078125 0.197265625 0.196875
0 0.575 0.6375 0.158984375 0.158984375
0 0.84453125 0.08671875 0.0984375 0.1734375
0 0.9484375 0.05 0.1 0.1
0 0.64609375 0.29765625 0.1015625 0.2609375
0 0.74296875 0.275 0.151171875 0.15