0 0.20703125 0.36875 0.0890625 0.18046875
0 0.09609375 0.32421875 0.129296875 0.12890625
0 0.39296875 0.07734375 0.128515625 0.128125
0 0.19609375 0.86953125 0.14140625 0.14140625
0 0.328125 0.73125 0.137109375 0.25703125
0 0.315625 0.603125 0.167578125 0.166796875
0 0.40859375 0.58515625 0.171484375 0.172265625
0 0.33984375 0.92578125 0.0921875 0.142578125
0 0.44453125 0.8625 0.196875 0.196484375
0 0.48984375 0.9296875 0.128125 0.128125
0 0.73125 0.8296875 0.17890625 0.180078125
0 0.81484375 0.91875 0.123828125 0.125
0 0.815625 0.75 0.174609375 0.175390625
0 0.91953125 0.5484375 0.1609375 0.18125