0 0.20703125 0.63125 0.13515625 0.134375
0 0.09609375 0.67578125 0.129296875 0.12890625
0 0.39296875 0.92265625 0.128515625 0.128125
0 0.19609375 0.13046875 0.14140625 0.14140625
0 0.328125 0.26875 0.196484375 0.19765625
0 0.315625 0.396875 0.103515625 0.230859375
0 0.40859375 0.41484375 0.101171875 0.242578125
0 0.33984375 0.07421875 0.1171875 0.117578125
0 0.44453125 0.1375 0.196875 0.196484375
0 0.48984375 0.0703125 0.128125 0.128125
0 0.73125 0.1703125 0.17890625 0.180078125
0 0.81484375 0.08125 0.123828125 0.125
0 0.815625 0.25 0.174609375 0.175390625
0 0.91953125 0.4515625 0.1609375 0.18125