0 0.8421875 0.41484375 0.1390625 0.1390625
0 0.72265625 0.621875 0.1875 0.1875
0 0.7046875 0.33359375 0.135546875 0.135546875
0 0.59296875 0.17578125 0.1078125 0.176953125
0 0.25 0.32734375 0.12265625 0.12265625
0 0.3546875 0.4890625 0.15625 0.155859375
0 0.334375 0.47265625 0.165234375 0.165234375
0 0.2515625 0.55 0.165625 0.166015625
0 0.140625 0.715625 0.1734375 0.173046875
0 0.60859375 0.44921875 0.117578125 0.2765625
0 0.575 0.3625 0.127734375 0.190234375
0 0.84453125 0.91328125 0.1359375 0.1359375
0 0.9484375 0.95 0.1 0.1
0 0.64609375 0.70234375 0.18125 0.18125
0 0.74296875 0.725 0.151171875 0.15