0 0.54765625 0.52890625 0.0921875 0.217578125
0 0.525 0.4578125 0.13046875 0.13046875
0 0.26953125 0.4046875 0.115625 0.115234375
0 0.26640625 0.6 0.086328125 0.187109375
0 0.5578125 0.3015625 0.062890625 0.118359375
0 0.5359375 0.2765625 0.083984375 0.084375
0 0.65546875 0.40625 0.12109375 0.12109375
0 0.78203125 0.47890625 0.1125 0.1125
0 0.621875 0.66953125 0.14921875 0.15
0 0.340625 0.5390625 0.153515625 0.153125
0 0.17578125 0.73984375 0.1078125 0.182421875
0 0.7609375 0.91015625 0.080859375 0.155078125