0 0.45234375 0.47109375 0.0921875 0.217578125
0 0.475 0.5421875 0.13046875 0.13046875
0 0.73046875 0.5953125 0.115625 0.115234375
0 0.73359375 0.4 0.137109375 0.136328125
0 0.4421875 0.6984375 0.091015625 0.090234375
0 0.4640625 0.7234375 0.083984375 0.084375
0 0.34453125 0.59375 0.12109375 0.12109375
0 0.21796875 0.52109375 0.1125 0.1125
0 0.378125 0.33046875 0.14921875 0.15
0 0.659375 0.4609375 0.153515625 0.153125
0 0.82421875 0.26015625 0.1453125 0.144921875
0 0.2390625 0.08984375 0.080859375 0.155078125