0 0.2109375 0.9203125 0.096484375 0.096875
0 0.159375 0.67578125 0.08984375 0.08984375
0 0.21796875 0.634375 0.083203125 0.15625
0 0.2578125 0.44296875 0.113671875 0.112890625
0 0.209375 0.490625 0.128125 0.127734375
0 0.1640625 0.5515625 0.071484375 0.1125
0 0.24765625 0.71796875 0.080078125 0.08046875
0 0.28203125 0.67734375 0.08203125 0.08203125
0 0.359375 0.67109375 0.088671875 0.08828125
0 0.4046875 0.7015625 0.08203125 0.080859375
0 0.3734375 0.740625 0.06875 0.06953125
0 0.30859375 0.75078125 0.0484375 0.103125
0 0.44296875 0.68125 0.0578125 0.121484375
0 0.49765625 0.6734375 0.059375 0.10859375
0 0.321875 0.6109375 0.065625 0.097265625
0 0.2671875 0.575 0.0734375 0.07265625
0 0.30234375 0.5390625 0.083203125 0.16015625
0 0.3484375 0.2984375 0.10390625 0.22890625
0 0.33984375 0.459375 0.108203125 0.108984375
0 0.40625 0.44453125 0.128125 0.228125
0 0.46484375 0.51875 0.13203125 0.13203125
0 0.39375 0.56640625 0.053125 0.119921875
0 0.4015625 0.1984375 0.214453125 0.21328125
0 0.47109375 0.11171875 0.17265625 0.17265625
0 0.57109375 0.0796875 0.1703125 0.159375
0 0.5015625 0.26171875 0.10390625 0.215625
0 0.5109375 0.46484375 0.15234375 0.152734375
0 0.53515625 0.534375 0.121484375 0.1203125
0 0.5953125 0.37578125 0.180859375 0.180859375
0 0.61015625 0.17109375 0.1453125 0.3203125
0 0.590625 0.50703125 0.118359375 0.118359375
0 0.61796875 0.54921875 0.0671875 0.165625
0 0.696875 0.490625 0.139453125 0.1390625
0 0.67109375 0.6015625 0.06875 0.125390625
0 0.7265625 0.57734375 0.10234375 0.10234375
0 0.70390625 0.21875 0.208984375 0.208203125
0 0.72265625 0.31953125 0.1234375 0.1875
0 0.82265625 0.32265625 0.123046875 0.226171875
0 0.81015625 0.50859375 0.10625 0.1671875
0 0.88671875 0.390625 0.14375 0.144140625