0 0.3078125 0.24140625 0.07265625 0.139453125
0 0.2078125 0.20859375 0.089453125 0.089453125
0 0.66796875 0.1109375 0.06875 0.11875
0 0.66640625 0.1640625 0.063671875 0.13984375
0 0.72578125 0.309375 0.054296875 0.11796875
0 0.678125 0.3046875 0.084765625 0.083984375
0 0.84453125 0.5015625 0.169140625 0.169140625
0 0.74296875 0.678125 0.0875 0.087890625
0 0.6125 0.6578125 0.093359375 0.09375
0 0.78828125 0.93203125 0.10234375 0.102734375
0 0.51484375 0.94609375 0.085546875 0.08515625
0 0.63125 0.91640625 0.059375 0.120703125
0 0.68359375 0.91953125 0.092578125 0.155078125
0 0.5453125 0.6578125 0.05859375 0.121875
0 0.23828125 0.3421875 0.097265625 0.09765625
0 0.26171875 0.6296875 0.086328125 0.087109375
0 0.34765625 0.5140625 0.066796875 0.137109375
0 0.3859375 0.71484375 0.05625 0.056640625