0 0.6921875 0.75859375 0.10625 0.105859375
0 0.7921875 0.79140625 0.065234375 0.113671875
0 0.33203125 0.8890625 0.09375 0.09375
0 0.33359375 0.8359375 0.101953125 0.1015625
0 0.27421875 0.690625 0.086328125 0.0859375
0 0.321875 0.6953125 0.059765625 0.108984375
0 0.15546875 0.4984375 0.110546875 0.227734375
0 0.25703125 0.321875 0.05625 0.119140625
0 0.3875 0.3421875 0.093359375 0.09375
0 0.21171875 0.06796875 0.10234375 0.102734375
0 0.48515625 0.05390625 0.073828125 0.096875
0 0.36875 0.08359375 0.08984375 0.090234375
0 0.31640625 0.08046875 0.123828125 0.123828125
0 0.4546875 0.3421875 0.05859375 0.121875
0 0.76171875 0.6578125 0.097265625 0.09765625
0 0.73828125 0.3703125 0.054296875 0.119140625
0 0.65234375 0.4859375 0.101953125 0.101953125
0 0.6140625 0.28515625 0.05625 0.056640625