0 0.56484375 0.35234375 0.086328125 0.164453125
0 0.61484375 0.4015625 0.10546875 0.10546875
0 0.66796875 0.4125 0.0734375 0.162109375
0 0.63125 0.80234375 0.11796875 0.118359375
0 0.68671875 0.8109375 0.073046875 0.15
0 0.3171875 0.06953125 0.09140625 0.126953125
0 0.25 0.0734375 0.1078125 0.107421875
0 0.1640625 0.04921875 0.092578125 0.0921875
0 0.11328125 0.05703125 0.097265625 0.096875
0 0.2625 0.2703125 0.126171875 0.126953125
0 0.3046875 0.26640625 0.080859375 0.176171875
0 0.33515625 0.2703125 0.13671875 0.136328125