0 0.43515625 0.35234375 0.125390625 0.125390625
0 0.38515625 0.4015625 0.0640625 0.146875
0 0.33203125 0.4125 0.0734375 0.162109375
0 0.36875 0.80234375 0.11796875 0.118359375
0 0.31328125 0.8109375 0.111328125 0.11171875
0 0.6828125 0.06953125 0.09140625 0.126953125
0 0.75 0.0734375 0.08125 0.133984375
0 0.8359375 0.04921875 0.092578125 0.0921875
0 0.88671875 0.05703125 0.097265625 0.096875
0 0.7375 0.2703125 0.071484375 0.181640625
0 0.6953125 0.26640625 0.128515625 0.128515625
0 0.66484375 0.2703125 0.13671875 0.136328125