0 0.17578125 0.37421875 0.090234375 0.090625
0 0.3203125 0.52734375 0.066796875 0.066015625
0 0.35703125 0.56328125 0.042578125 0.0765625
0 0.4015625 0.65703125 0.046484375 0.092578125
0 0.56328125 0.65625 0.030078125 0.059765625
0 0.62265625 0.665625 0.046484375 0.045703125
0 0.68671875 0.7046875 0.0390625 0.075390625
0 0.8625 0.39296875 0.052734375 0.079296875
0 0.62109375 0.0578125 0.064453125 0.06484375
0 0.5734375 0.17421875 0.046484375 0.0828125
0 0.55234375 0.3953125 0.039453125 0.040234375
0 0.559375 0.51015625 0.025 0.0609375
0 0.4890625 0.34453125 0.04765625 0.047265625
0 0.5234375 0.33203125 0.037890625 0.090625
0 0.48671875 0.234375 0.06953125 0.06875
0 0.47890625 0.03671875 0.063671875 0.0640625