0 0.7953125 0.72890625 0.066015625 0.10625
0 0.66328125 0.85546875 0.077734375 0.077734375
0 0.62578125 0.9 0.045703125 0.091015625
0 0.48828125 0.54296875 0.06953125 0.069140625
0 0.41171875 0.4828125 0.062890625 0.0640625
0 0.49140625 0.640625 0.029296875 0.066015625
0 0.40390625 0.96953125 0.0421875 0.042578125
0 0.38203125 0.2625 0.055078125 0.099609375
0 0.1859375 0.30078125 0.05703125 0.0578125
0 0.28359375 0.11484375 0.048046875 0.094921875
0 0.49921875 0.35859375 0.039453125 0.0765625
0 0.5203125 0.159375 0.066015625 0.06484375