0 0.17578125 0.62578125 0.066796875 0.1140625
0 0.3203125 0.47265625 0.066796875 0.066015625
0 0.35703125 0.43671875 0.042578125 0.0765625
0 0.4015625 0.34296875 0.069140625 0.069921875
0 0.56328125 0.34375 0.030078125 0.059765625
0 0.62265625 0.334375 0.030078125 0.062109375
0 0.68671875 0.2953125 0.0390625 0.075390625
0 0.8625 0.60703125 0.066015625 0.066015625
0 0.62109375 0.9421875 0.064453125 0.06484375
0 0.5734375 0.82578125 0.046484375 0.0828125
0 0.55234375 0.6046875 0.029296875 0.050390625
0 0.559375 0.48984375 0.04296875 0.04296875
0 0.4890625 0.65546875 0.03125 0.063671875
0 0.5234375 0.66796875 0.064453125 0.0640625
0 0.48671875 0.765625 0.06953125 0.06875
0 0.47890625 0.96328125 0.063671875 0.0640625