0 0.7953125 0.27109375 0.066015625 0.10625
0 0.66328125 0.14453125 0.051171875 0.104296875
0 0.62578125 0.1 0.068359375 0.068359375
0 0.48828125 0.45703125 0.06953125 0.069140625
0 0.41171875 0.5171875 0.062890625 0.0640625
0 0.49140625 0.359375 0.047265625 0.048046875
0 0.40390625 0.03046875 0.0421875 0.042578125
0 0.38203125 0.7375 0.055078125 0.099609375
0 0.1859375 0.69921875 0.05703125 0.0578125
0 0.28359375 0.88515625 0.071484375 0.071484375
0 0.49921875 0.64140625 0.039453125 0.0765625
0 0.5203125 0.840625 0.066015625 0.06484375