0 0.5796875 0.62265625 0.121875 0.12109375
0 0.54453125 0.86953125 0.12421875 0.123828125
0 0.95859375 0.86796875 0.0796875 0.194921875
0 0.65 0.615625 0.11953125 0.11953125
0 0.653125 0.48359375 0.106640625 0.10703125
0 0.42734375 0.215625 0.063671875 0.0640625
0 0.37578125 0.1484375 0.06796875 0.067578125
0 0.37734375 0.06328125 0.0484375 0.080078125
0 0.2890625 0.28515625 0.066015625 0.065625
0 0.2390625 0.45625 0.084375 0.084375
0 0.321875 0.578125 0.0546875 0.0546875
0 0.48359375 0.584375 0.04296875 0.04296875
0 0.56875 0.4703125 0.082421875 0.08359375
0 0.55625 0.51484375 0.0703125 0.0703125
0 0.4734375 0.7890625 0.04140625 0.07734375
0 0.1046875 0.915625 0.0578125 0.05859375