0 0.5796875 0.37734375 0.121875 0.12109375
0 0.54453125 0.13046875 0.12421875 0.123828125
0 0.9453125 0.1328125 0.109375 0.1375
0 0.65 0.384375 0.11953125 0.11953125
0 0.653125 0.51640625 0.106640625 0.10703125
0 0.42734375 0.784375 0.063671875 0.0640625
0 0.37578125 0.8515625 0.0484375 0.087109375
0 0.37734375 0.93671875 0.0484375 0.080078125
0 0.2890625 0.71484375 0.066015625 0.065625
0 0.2390625 0.54375 0.084375 0.084375
0 0.321875 0.421875 0.040625 0.06875
0 0.48359375 0.415625 0.04296875 0.04296875
0 0.56875 0.5296875 0.062109375 0.10390625
0 0.55625 0.48515625 0.059375 0.08125
0 0.4734375 0.2109375 0.06015625 0.05859375
0 0.1046875 0.084375 0.046875 0.06953125