0 0.4203125 0.62265625 0.121875 0.12109375
0 0.45546875 0.86953125 0.12421875 0.123828125
0 0.04140625 0.86796875 0.0796875 0.194921875
0 0.35 0.615625 0.11953125 0.11953125
0 0.346875 0.48359375 0.106640625 0.10703125
0 0.57265625 0.215625 0.063671875 0.0640625
0 0.62421875 0.1484375 0.06796875 0.067578125
0 0.62265625 0.06328125 0.0640625 0.064453125
0 0.7109375 0.28515625 0.050390625 0.08125
0 0.7609375 0.45625 0.084375 0.084375
0 0.678125 0.578125 0.0546875 0.0546875
0 0.51640625 0.584375 0.04296875 0.04296875
0 0.43125 0.4703125 0.082421875 0.08359375
0 0.44375 0.51484375 0.059375 0.08125
0 0.5265625 0.7890625 0.04140625 0.07734375
0 0.8953125 0.915625 0.0578125 0.05859375