0 0.5953125 0.62734375 0.084765625 0.134375
0 0.62109375 0.690625 0.081640625 0.082421875
0 0.7296875 0.68671875 0.09140625 0.090625
0 0.9453125 0.834375 0.10390625 0.33046875
0 0.8953125 0.56484375 0.209375 0.2546875
0 0.54140625 0.5515625 0.073046875 0.141015625
0 0.528125 0.678125 0.083984375 0.121875
0 0.09140625 0.53046875 0.161328125 0.253125
0 0.33046875 0.48984375 0.079296875 0.080078125
0 0.3828125 0.475 0.076953125 0.076171875
0 0.2078125 0.4296875 0.06875 0.069140625
0 0.453125 0.3578125 0.05078125 0.0515625
0 0.2296875 0.36796875 0.03984375 0.08125