0 0.5953125 0.37265625 0.084765625 0.134375
0 0.62109375 0.309375 0.081640625 0.082421875
0 0.7296875 0.31328125 0.07265625 0.109375
0 0.9453125 0.165625 0.10390625 0.33046875
0 0.8953125 0.43515625 0.209375 0.2546875
0 0.54140625 0.4484375 0.073046875 0.141015625
0 0.528125 0.321875 0.102734375 0.103125
0 0.09140625 0.46953125 0.161328125 0.253125
0 0.33046875 0.51015625 0.060546875 0.098828125
0 0.3828125 0.525 0.076953125 0.076171875
0 0.2078125 0.5703125 0.06875 0.069140625
0 0.453125 0.6421875 0.05078125 0.0515625
0 0.2296875 0.63203125 0.06015625 0.0609375