0 0.31796875 0.50859375 0.139453125 0.13984375
0 0.37734375 0.48515625 0.100390625 0.1
0 0.36484375 0.603125 0.096875 0.097265625
0 0.41171875 0.63828125 0.065625 0.159375
0 0.328125 0.69609375 0.052734375 0.108203125
0 0.4796875 0.68046875 0.05390625 0.139453125
0 0.55625 0.42890625 0.041015625 0.041796875
0 0.61484375 0.85078125 0.08984375 0.08984375
0 0.675 0.61953125 0.23125 0.231640625
0 0.8234375 0.31875 0.353125 0.3875
0 0.61484375 0.3328125 0.0953125 0.094921875
0 0.51875 0.36015625 0.037109375 0.067578125
0 0.7453125 0.1328125 0.081640625 0.156640625