0 0.31796875 0.50859375 0.094921875 0.184375
0 0.37734375 0.48515625 0.100390625 0.1
0 0.36484375 0.603125 0.096875 0.097265625
0 0.41171875 0.63828125 0.1125 0.1125
0 0.328125 0.69609375 0.080078125 0.080859375
0 0.4796875 0.68046875 0.096875 0.096484375
0 0.55625 0.42890625 0.041015625 0.041796875
0 0.61484375 0.85078125 0.08984375 0.08984375
0 0.675 0.61953125 0.13046875 0.332421875
0 0.8421875 0.31953125 0.266015625 0.511328125
0 0.61484375 0.3328125 0.0953125 0.094921875
0 0.51875 0.36015625 0.037109375 0.067578125
0 0.7453125 0.1328125 0.119140625 0.119140625