0 0.65078125 0.4640625 0.06328125 0.063671875
0 0.603125 0.61640625 0.031640625 0.065625
0 0.63125 0.61484375 0.0484375 0.049609375
0 0.6296875 0.6921875 0.05078125 0.05
0 0.52109375 0.7390625 0.071875 0.07109375
0 0.490625 0.69296875 0.069921875 0.069921875
0 0.38984375 0.6703125 0.090625 0.091015625
0 0.63828125 0.4109375 0.048828125 0.093359375
0 0.740625 0.221875 0.057421875 0.05703125
0 0.71796875 0.109375 0.085546875 0.084375
0 0.65078125 0.13515625 0.083203125 0.082421875
0 0.55078125 0.09921875 0.0765625 0.076953125
0 0.38984375 0.09765625 0.048046875 0.079296875
0 0.39453125 0.44453125 0.030078125 0.065625
0 0.075 0.18046875 0.137890625 0.138671875
0 0.5671875 0.77421875 0.040625 0.040234375
0 0.5703125 0.55234375 0.041796875 0.04140625