0 0.81328125 0.50859375 0.1390625 0.1390625
0 0.74765625 0.7375 0.12578125 0.125390625
0 0.621875 0.596875 0.064453125 0.0640625
0 0.54609375 0.68828125 0.0359375 0.0859375
0 0.5484375 0.825 0.034765625 0.075390625
0 0.2328125 0.5890625 0.144140625 0.14375
0 0.25703125 0.7671875 0.07109375 0.071484375
0 0.2875 0.76953125 0.03828125 0.09375
0 0.384375 0.33984375 0.06796875 0.06796875
0 0.3546875 0.31328125 0.062109375 0.061328125
0 0.4546875 0.54140625 0.03359375 0.091796875
0 0.60234375 0.4734375 0.06171875 0.06171875