0 0.81328125 0.49140625 0.0984375 0.1796875
0 0.74765625 0.2625 0.12578125 0.125390625
0 0.621875 0.403125 0.034765625 0.09375
0 0.54609375 0.31171875 0.0609375 0.0609375
0 0.5484375 0.175 0.055078125 0.055078125
0 0.2328125 0.4109375 0.109765625 0.178125
0 0.25703125 0.2328125 0.07109375 0.071484375
0 0.2875 0.23046875 0.06640625 0.065625
0 0.384375 0.66015625 0.05 0.0859375
0 0.3546875 0.68671875 0.062109375 0.061328125
0 0.4546875 0.45859375 0.0625 0.062890625
0 0.60234375 0.5265625 0.06171875 0.06171875