0 0.30625 0.3125 0.122265625 0.29921875
0 0.1578125 0.38515625 0.108984375 0.108984375
0 0.13984375 0.50234375 0.074609375 0.074609375
0 0.25234375 0.56796875 0.066796875 0.0671875
0 0.5328125 0.23125 0.087890625 0.087109375
0 0.58828125 0.203125 0.101953125 0.101953125
0 0.73984375 0.08125 0.114453125 0.114453125
0 0.7921875 0.29140625 0.046875 0.086328125
0 0.82265625 0.4875 0.0390625 0.068359375
0 0.7828125 0.48046875 0.044140625 0.080078125
0 0.80546875 0.61640625 0.087890625 0.0875
0 0.7453125 0.63515625 0.069921875 0.06953125
0 0.709375 0.6609375 0.075 0.075
0 0.66171875 0.8 0.056640625 0.05703125
0 0.6609375 0.68984375 0.059375 0.060546875
0 0.6953125 0.74296875 0.078125 0.076953125