0 0.69375 0.6875 0.211328125 0.21015625
0 0.8421875 0.61484375 0.056640625 0.161328125
0 0.86015625 0.49765625 0.074609375 0.074609375
0 0.74765625 0.43203125 0.066796875 0.0671875
0 0.4671875 0.76875 0.059765625 0.115234375
0 0.41171875 0.796875 0.101953125 0.101953125
0 0.26015625 0.91875 0.066796875 0.162109375
0 0.2078125 0.70859375 0.06640625 0.066796875
0 0.17734375 0.5125 0.05390625 0.053515625
0 0.2171875 0.51953125 0.062109375 0.062109375
0 0.19453125 0.38359375 0.058203125 0.1171875
0 0.2546875 0.36484375 0.069921875 0.06953125
0 0.290625 0.3390625 0.075 0.075
0 0.33828125 0.2 0.056640625 0.05703125
0 0.3390625 0.31015625 0.04609375 0.073828125
0 0.3046875 0.25703125 0.078125 0.076953125