0 0.69375 0.3125 0.211328125 0.21015625
0 0.8421875 0.38515625 0.108984375 0.108984375
0 0.86015625 0.50234375 0.074609375 0.074609375
0 0.74765625 0.56796875 0.066796875 0.0671875
0 0.4671875 0.23125 0.087890625 0.087109375
0 0.41171875 0.203125 0.101953125 0.101953125
0 0.26015625 0.08125 0.114453125 0.114453125
0 0.2078125 0.29140625 0.06640625 0.066796875
0 0.17734375 0.4875 0.0390625 0.068359375
0 0.2171875 0.48046875 0.044140625 0.080078125
0 0.19453125 0.61640625 0.058203125 0.1171875
0 0.2546875 0.63515625 0.069921875 0.06953125
0 0.290625 0.6609375 0.046875 0.103125
0 0.33828125 0.8 0.056640625 0.05703125
0 0.3390625 0.68984375 0.059375 0.060546875
0 0.3046875 0.74296875 0.078125 0.076953125